ID,Sales
T1188341,54329.15326857712
T1188342,36501.12853741183
T1188343,61198.31584312941
T1188344,35806.30611727459
T1188345,37107.5773757545
T1188346,68143.5916248137
T1188347,57940.71414135786
T1188348,45451.38036924762
T1188349,48313.46145087676
T1188350,31319.194098300948
T1188351,46083.299496459425
T1188352,37199.441097762494
T1188353,36850.5965687302
T1188354,39114.52343434999
T1188355,37694.214147116436
T1188356,33486.08023214371
T1188357,45582.32139293018
T1188358,23465.77210350736
T1188359,34410.62953437808
T1188360,48301.51997356309
T1188361,29416.609311912038
T1188362,36238.220009336124
T1188363,38772.79113939343
T1188364,29620.853748783953
T1188365,35030.01254062642
T1188366,32023.24690789941
T1188367,35169.969763633046
T1188368,30191.81804445319
T1188369,36087.73503105334
T1188370,45809.92941484814
T1188371,36034.110111170245
T1188372,48564.616680482955
T1188373,33234.65938171441
T1188374,33210.935875621435
T1188375,64039.98816381097
T1188376,56796.488743361406
T1188377,33038.439258222825
T1188378,34697.11787888996
T1188379,29399.79377506383
T1188380,58393.15417243904
T1188381,32023.24690789941
T1188382,35707.25419227567
T1188383,31322.274743011283
T1188384,33576.43402589191
T1188385,39490.08609256492
T1188386,37753.55620741316
T1188387,57426.533025940356
T1188388,57351.697962327635
T1188389,30905.19884942665
T1188390,72789.9276327218
T1188391,35909.56090042234
T1188392,46316.806331370084
T1188393,58393.15417243904
T1188394,45852.38983924195
T1188395,35577.94580158957
T1188396,62309.06988010755
T1188397,37372.266744624205
T1188398,39504.42640183674
T1188399,36827.33806897173
T1188400,45440.89309844133
T1188401,35786.788234244326
T1188402,23385.051169331975
T1188403,54977.435358132185
T1188404,35140.80529096095
T1188405,36220.688202738114
T1188406,26877.886729261954
T1188407,54390.00257485343
T1188408,35806.30611727459
T1188409,40111.33434016883
T1188410,27748.31487906254
T1188411,54449.190165090826
T1188412,24034.613808917682
T1188413,35767.3517764801
T1188414,29234.768692952548
T1188415,34831.55832821919
T1188416,39448.10071798542
T1188417,47084.03226749106
T1188418,37710.87706975135
T1188419,46040.02861331052
T1188420,55511.99936125075
T1188421,24063.7659559353
T1188422,46960.47625030923
T1188423,57351.697962327635
T1188424,36477.366898040986
T1188425,35030.09918802221
T1188426,36144.07335687905
T1188427,56623.55836941456
T1188428,36514.710608241636
T1188429,57669.8425993189
T1188430,47704.53663411171
T1188431,36571.4028734757
T1188432,24108.653286083958
T1188433,56431.75236470487
T1188434,35182.228807531705
T1188435,31746.160436045942
T1188436,47167.757744686794
T1188437,54783.51971896597
T1188438,27885.281605493634
T1188439,46092.69030022515
T1188440,36758.675554166904
T1188441,32533.259573676445
T1188442,37558.408644140574
T1188443,37168.33393067299
T1188444,38267.47624871313
T1188445,35140.80529096095
T1188446,28458.905741238254
T1188447,55800.62099939477
T1188448,56712.58204393663
T1188449,37119.182674236225
T1188450,35574.91998158896
T1188451,47714.95641504735
T1188452,23371.20611058543
T1188453,45496.313599288376
T1188454,32341.741811305656
T1188455,58436.54828586012
T1188456,28170.671000866405
T1188457,29044.35263453373
T1188458,35295.44644628458
T1188459,57121.68893394055
T1188460,23376.07774600466
T1188461,44394.83673619365
T1188462,36806.70868456207
T1188463,24138.76824569739
T1188464,45111.06308653214
T1188465,36845.096788515744
T1188466,32468.265033302418
T1188467,28213.931955370303
T1188468,37618.24255202197
T1188469,37129.51738073478
T1188470,23629.25648830859
T1188471,37786.384033894974
T1188472,39197.10469134416
T1188473,39315.88523797352
T1188474,47952.08726820708
T1188475,22449.45274663221
T1188476,45339.25290397484
T1188477,35403.58210025413
T1188478,35909.56090042234
T1188479,22774.13718723472
T1188480,45905.16368601745
T1188481,47836.628848178756
T1188482,39490.08609256492
T1188483,47609.52847207895
T1188484,46937.85098305244
T1188485,29373.517402223948
T1188486,23045.70958867815
T1188487,35480.69092220149
T1188488,37168.33393067299
T1188489,34831.55832821919
T1188490,47234.14275064864
T1188491,37783.27522271923
T1188492,32045.097342247474
T1188493,33200.730888536564
T1188494,47609.52847207895
T1188495,31226.664685908232
T1188496,45915.56336992922
T1188497,27963.10050705588
T1188498,35666.97514148572
T1188499,37119.182674236225
T1188500,54682.965300631586
T1188501,32709.56905230177
T1188502,36514.710608241636
T1188503,32893.089236670734
T1188504,32417.909316327605
T1188505,32701.75501199379
T1188506,47974.82298957342
T1188507,37710.87706975135
T1188508,37184.77662292681
T1188509,31776.71225778156
T1188510,35340.455916991494
T1188511,33674.50853224741
T1188512,38988.071718176536
T1188513,30719.201451363162
T1188514,36156.490789516814
T1188515,55824.7664474151
T1188516,36034.110111170245
T1188517,48139.28637837038
T1188518,35039.76887727924
T1188519,45703.17995199388
T1188520,23376.07774600466
T1188521,47054.156312526124
T1188522,35451.625639364356
T1188523,29393.574347300688
T1188524,39963.8697050451
T1188525,57669.8425993189
T1188526,29422.5789706686
T1188527,35767.3517764801
T1188528,31603.332488567496
T1188529,47595.48534264882
T1188530,37107.482963442955
T1188531,47972.04881956228
T1188532,37978.85280762186
T1188533,36220.688202738114
T1188534,37199.441097762494
T1188535,54218.931624567245
T1188536,56016.048026990546
T1188537,66510.68232942562
T1188538,57351.697962327635
T1188539,44238.22243562431
T1188540,38673.22431856183
T1188541,35767.3517764801
T1188542,58952.14470516888
T1188543,38212.15576893544
T1188544,36285.12621798272
T1188545,36124.9097888895
T1188546,31451.32698397252
T1188547,36637.95730568484
T1188548,47982.4092439585
T1188549,29865.20354711968
T1188550,37038.638284861
T1188551,37872.94531328569
T1188552,22477.22807966414
T1188553,36998.895681610535
T1188554,58952.14470516888
T1188555,35266.651804069574
T1188556,57755.15078925436
T1188557,24022.336699955056
T1188558,31743.217633938973
T1188559,36167.71912394589
T1188560,36425.616406762696
T1188561,39489.03271449461
T1188562,31441.359944928954
T1188563,35806.30611727459
T1188564,54783.51971896597
T1188565,38159.8707856819
T1188566,39691.41351394519
T1188567,47595.48534264882
T1188568,23564.703497526094
T1188569,36961.10691704522
T1188570,36087.73503105334
T1188571,31604.19885258959
T1188572,55234.64024398771
T1188573,32748.364908916607
T1188574,35707.25419227567
T1188575,36181.27900806516
T1188576,54673.4649976427
T1188577,36492.02945222011
T1188578,32989.79303664818
T1188579,35140.80529096095
T1188580,35225.1753582538
T1188581,33022.493685083995
T1188582,29188.8066551612
T1188583,32826.07991012113
T1188584,31418.33662321661
T1188585,66301.5016974469
T1188586,35806.30611727459
T1188587,46330.9625758266
T1188588,32469.283130577078
T1188589,27727.839150012478
T1188590,37270.82156007779
T1188591,30150.967874076017
T1188592,29869.242473480153
T1188593,23431.240755221592
T1188594,66202.40355252649
T1188595,31797.35517825886
T1188596,36909.3468427136
T1188597,67129.41467317118
T1188598,54844.51160062882
T1188599,46313.42858798279
T1188600,33287.7441173275
T1188601,39861.937501651155
T1188602,29313.49216876639
T1188603,63623.65630875493
T1188604,36998.895681610535
T1188605,50577.74213689665
T1188606,29161.432927983056
T1188607,48623.299223034235
T1188608,39448.10071798542
T1188609,29313.49216876639
T1188610,57351.697962327635
T1188611,32261.830799321393
T1188612,46742.98294438864
T1188613,45688.04026454025
T1188614,53897.17099801566
T1188615,31888.399438127315
T1188616,57038.20089749906
T1188617,32261.830799321393
T1188618,47733.10349202326
T1188619,23155.977096717554
T1188620,35909.56090042234
T1188621,33038.439258222825
T1188622,35470.970534181935
T1188623,45702.16166588951
T1188624,26759.11485858334
T1188625,59075.929275407034
T1188626,35852.46253578883
T1188627,36306.082828867075
T1188628,39019.81095208073
T1188629,32575.431638839644
T1188630,36220.688202738114
T1188631,31691.25870428509
T1188632,38936.52018734428
T1188633,37807.63053971234
T1188634,33017.80080023717
T1188635,39448.10071798542
T1188636,31737.966060037976
T1188637,44823.596613702866
T1188638,32517.945512630267
T1188639,62309.06988010755
T1188640,27804.090556970797
T1188641,36114.03090865675
T1188642,35282.15646137306
T1188643,39442.5604437887
T1188644,29516.833521271124
T1188645,30820.098314782634
T1188646,32575.431638839644
T1188647,32821.55679794741
T1188648,36722.67996927863
T1188649,29383.966226876146
T1188650,29680.728532758465
T1188651,32921.82976181877
T1188652,55960.63447121439
T1188653,48293.09039443005
T1188654,36728.474103205495
T1188655,30099.92639562671
T1188656,46250.64257723564
T1188657,39197.10469134416
T1188658,39232.25827327302
T1188659,46334.11851409271
T1188660,31930.460741215604
T1188661,54390.00257485343
T1188662,55152.61608213809
T1188663,35806.30611727459
T1188664,24223.664626321533
T1188665,35577.94580158957
T1188666,47972.04881956228
T1188667,36181.27900806516
T1188668,59139.74519443762
T1188669,57213.67566288433
T1188670,67405.09815275388
T1188671,56955.59199701343
T1188672,57426.533025940356
T1188673,54329.15326857712
T1188674,36722.67996927863
T1188675,46195.88519340553
T1188676,36640.30243240016
T1188677,29036.846161204496
T1188678,43731.372973200196
T1188679,54218.931624567245
T1188680,28029.174457840338
T1188681,28913.66990640286
T1188682,47600.358457286624
T1188683,39114.52343434999
T1188684,27804.090556970797
T1188685,54784.84597125307
T1188686,35668.60052590697
T1188687,46040.02861331052
T1188688,33492.700472968994
T1188689,45094.81218089707
T1188690,35039.76887727924
T1188691,47577.28579555771
T1188692,34973.56717002344
T1188693,53742.87609470902
T1188694,27534.767190184448
T1188695,32225.249895211302
T1188696,45451.38036924762
T1188697,32468.265033302418
T1188698,54012.6191472178
T1188699,54958.37129615266
T1188700,45337.30204541598
T1188701,29354.41235786499
T1188702,54069.97181356016
T1188703,29070.06732667159
T1188704,37158.035662389375
T1188705,55186.287710665165
T1188706,67966.16684932698
T1188707,35260.657539932334
T1188708,27450.133090283136
T1188709,47278.07409421667
T1188710,59197.75999978266
T1188711,39303.16781640726
T1188712,31409.2945467795
T1188713,57077.25105851051
T1188714,36568.063744894585
T1188715,32848.99259511298
T1188716,22426.291835465203
T1188717,54820.49199624676
T1188718,36933.99979654368
T1188719,36311.022162939385
T1188720,23307.71536318669
T1188721,27713.85574832172
T1188722,56922.98682778263
T1188723,59010.06143598843
T1188724,22693.10853103596
T1188725,37830.87287242387
T1188726,46018.03644678858
T1188727,36780.60243937629
T1188728,48014.3214855642
T1188729,35966.637892035804
T1188730,39685.08105850606
T1188731,54345.300144872024
T1188732,32598.144289606073
T1188733,47760.80410167758
T1188734,57314.93949313015
T1188735,23316.674800605386
T1188736,29394.13576384264
T1188737,33101.92930452869
T1188738,22977.677702323424
T1188739,35025.665908476
T1188740,35938.62644891669
T1188741,35340.36441627384
T1188742,48086.995762974555
T1188743,35729.16831410633
T1188744,38343.61150308688
T1188745,54406.15908071759
T1188746,39587.399249044014
T1188747,36422.03625272148
T1188748,47376.3577758125
T1188749,32904.996696742375
T1188750,31974.97586697521
T1188751,54167.935474221944
T1188752,23492.83034957417
T1188753,55417.581356902796
T1188754,36896.24635912467
T1188755,46129.17308153372
T1188756,36288.689589881986
T1188757,35260.657539932334
T1188758,54740.99298479224
T1188759,55335.412552446185
T1188760,39369.890801021524
T1188761,35938.62644891669
T1188762,57555.19145688715
T1188763,45040.37569468461
T1188764,23919.161372788432
T1188765,46377.23883924623
T1188766,35977.42518091264
T1188767,35682.8331258598
T1188768,31461.00682253688
T1188769,31339.245948719217
T1188770,54406.15908071759
T1188771,46101.50546788734
T1188772,36519.72227793273
T1188773,55052.554159789084
T1188774,39581.681935833825
T1188775,35938.62644891669
T1188776,31216.200865782565
T1188777,26818.21537523127
T1188778,24161.206118800063
T1188779,47063.75274541797
T1188780,45536.22601344534
T1188781,36273.745490905705
T1188782,46979.89612121726
T1188783,32518.84372193693
T1188784,29441.9816698781
T1188785,32794.680425773455
T1188786,47814.12341398044
T1188787,39535.15160510687
T1188788,37650.68673009304
T1188789,23982.943570798678
T1188790,33005.67029055943
T1188791,37312.2088003169
T1188792,31562.818550819014
T1188793,47805.85521914607
T1188794,35486.652413098804
T1188795,35486.854063302846
T1188796,33840.06416195859
T1188797,55361.78799709167
T1188798,39040.17706050448
T1188799,27737.928188720518
T1188800,56581.89085010509
T1188801,30712.396273558217
T1188802,29391.725990525418
T1188803,32705.53884236791
T1188804,29488.25188070614
T1188805,37689.163597760315
T1188806,33163.816273377255
T1188807,32037.399136666765
T1188808,35176.57440006747
T1188809,47760.80410167758
T1188810,29236.095180419794
T1188811,31018.834154998505
T1188812,36677.6573163592
T1188813,29331.87572020498
T1188814,36571.5439157447
T1188815,28022.230110448945
T1188816,36780.60243937629
T1188817,37246.495165101755
T1188818,32933.388350464375
T1188819,54923.03670419189
T1188820,39462.88401477909
T1188821,32895.1032933904
T1188822,46031.35083195495
T1188823,62532.127529745136
T1188824,55614.15458930915
T1188825,45945.818707793325
T1188826,47774.610853204096
T1188827,36272.55633390119
T1188828,37064.49951254789
T1188829,34890.20889158039
T1188830,23612.509505727383
T1188831,48054.04755151837
T1188832,37886.34387446567
T1188833,39351.24327411773
T1188834,28250.941446736455
T1188835,36714.49129707279
T1188836,29255.33513049671
T1188837,35659.44202478172
T1188838,30368.717470302196
T1188839,22398.550055107033
T1188840,29082.526588141278
T1188841,45455.55661672111
T1188842,36698.155683553734
T1188843,35476.47924998364
T1188844,48029.35212976343
T1188845,39036.15710061481
T1188846,32598.144289606073
T1188847,39406.58989842118
T1188848,36234.90576876966
T1188849,32619.0455779886
T1188850,48055.13188864653
T1188851,47425.16522542863
T1188852,44756.253414568695
T1188853,34890.20889158039
T1188854,37650.68673009304
T1188855,37103.279851709056
T1188856,31455.780169775117
T1188857,39488.94975626627
T1188858,45865.62801252234
T1188859,44667.943517308384
T1188860,47174.56911006282
T1188861,36883.61744624995
T1188862,33066.12033212268
T1188863,24090.281555663903
T1188864,45056.616149151276
T1188865,37765.59677149701
T1188866,36860.24961890818
T1188867,36086.847920733155
T1188868,37072.80083790613
T1188869,29414.200205360263
T1188870,29911.418119998194
T1188871,45536.22601344534
T1188872,33179.79815377932
T1188873,37234.86868063025
T1188874,35119.91654966478
T1188875,54345.300144872024
T1188876,36086.847920733155
T1188877,36624.39793067845
T1188878,35260.657539932334
T1188879,28571.099983957953
T1188880,61309.00204485614
T1188881,35938.62644891669
T1188882,68998.2459536527
T1188883,47829.08412375431
T1188884,57740.412585959966
T1188885,38343.61150308688
T1188886,32039.780582141593
T1188887,31374.576198888157
T1188888,33614.230305659745
T1188889,23052.844042623678
T1188890,46284.28270290285
T1188891,29676.712941906157
T1188892,35315.790543133146
T1188893,29208.697835585255
T1188894,66143.81470975946
T1188895,37246.495165101755
T1188896,30947.618927453244
T1188897,36501.02562667791
T1188898,73975.93311401276
T1188899,36086.847920733155
T1188900,36058.41913446664
T1188901,35590.45143896523
T1188902,56414.19802960876
T1188903,58972.014357882515
T1188904,45965.1935041985
T1188905,32003.33403677049
T1188906,35682.8331258598
T1188907,26703.518155786798
T1188908,36288.689589881986
T1188909,55777.36920879609
T1188910,35977.42518091264
T1188911,46344.58544180283
T1188912,57314.93949313015
T1188913,66911.30814688819
T1188914,37103.279851709056
T1188915,29259.986620243002
T1188916,37260.58895916221
T1188917,45888.31495675865
T1188918,29090.03934875813
T1188919,48481.33692060695
T1188920,36904.2697763943
T1188921,47572.971529157294
T1188922,27819.016343729563
T1188923,38849.45999745846
T1188924,36662.6281024306
T1188925,24046.35300040215
T1188926,55221.445687559375
T1188927,56213.40275887353
T1188928,44064.230569723695
T1188929,35255.84742475802
T1188930,54740.99298479224
T1188931,31827.881525314
T1188932,54816.64046542524
T1188933,32705.53884236791
T1188934,37326.900019304354
T1188935,28959.247054394513
T1188936,36249.86261633595
T1188937,31937.00502405233
T1188938,31904.337201958228
T1188939,39033.28744125323
T1188940,38031.22758082762
T1188941,53793.36804785766
T1188942,33671.994121633965
T1188943,37546.202721782545
T1188944,45773.72491705712
T1188945,57098.49449968344
T1188946,45581.52845899848
T1188947,27737.928188720518
T1188948,23366.216599359388
T1188949,46814.64065066711
T1188950,34458.84931353671
T1188951,48655.519399291254
T1188952,32039.780582141593
T1188953,29437.243776521987
T1188954,36816.62824730269
T1188955,44163.94033122859
T1188956,45708.45348262947
T1188957,37659.484041524156
T1188958,50001.519039646824
T1188959,67760.6325744363
T1188960,54128.655746582976
T1188961,48313.07721650229
T1188962,36986.369707834056
T1188963,55945.021444143946
T1188964,36677.6573163592
T1188965,66439.75928913387
T1188966,31841.771399817193
T1188967,36422.03625272148
T1188968,57098.49449968344
T1188969,44380.85189905588
T1188970,66568.62242408472
T1188971,38749.788294103964
T1188972,28109.006958483693
T1188973,35917.580764327235
T1188974,64510.59247355944
T1188975,59010.06143598843
T1188976,38056.40515825285
T1188977,39033.28744125323
T1188978,23414.568682714398
T1188979,56453.23290502655
T1188980,54932.03233441693
T1188981,36014.933040147516
T1188982,37326.900019304354
T1188983,39221.26644580516
T1188984,35556.314577191544
T1188985,29259.986620243002
T1188986,39990.50321245895
T1188987,45631.98038206539
T1188988,57557.99736051189
T1188989,37936.71772548715
T1188990,39952.87207708187
T1188991,29174.781661601275
T1188992,35917.580764327235
T1188993,33397.98630832744
T1188994,31658.981536353134
T1188995,23931.41037111007
T1188996,46705.45010141403
T1188997,37042.48565836414
T1188998,48104.42493237213
T1188999,29444.70225086375
T1189000,27962.72718379111
T1189001,36396.94986265072
T1189002,30468.994509027365
T1189003,57415.31205253405
T1189004,56813.83898495991
T1189005,23321.152739915964
T1189006,31193.265525840554
T1189007,34755.647803819076
T1189008,54015.40175731987
T1189009,29347.688319128647
T1189010,32919.193204672694
T1189011,64205.47784787235
T1189012,58262.451460514916
T1189013,31937.00502405233
T1189014,29926.343579041506
T1189015,31369.995095958027
T1189016,62532.127529745136
T1189017,36933.99979654368
T1189018,33683.355683773996
T1189019,35648.00473995365
T1189020,39685.08105850606
T1189021,47920.71628148007
T1189022,33352.687014981224
T1189023,35938.62644891669
T1189024,33347.23786524775
T1189025,31187.058827153345
T1189026,58507.26079883326
T1189027,36711.070203918556
T1189028,54147.218920741056
T1189029,23307.71536318669
T1189030,33310.819613241605
T1189031,45596.64933799387
T1189032,27776.959592482755
T1189033,35414.61231587591
T1189034,57098.49449968344
T1189035,32331.05821770328
T1189036,45703.26626554874
T1189037,32507.012487446504
T1189038,36234.90576876966
T1189039,35025.665908476
T1189040,30040.142517074957
T1189041,46236.43588759477
T1189042,48782.313932204874
T1189043,45390.040233637985
T1189044,37192.25681649412
T1189045,54932.03233441693
T1189046,30860.328271005248
T1189047,48659.30898149574
T1189048,36311.022162939385
T1189049,39406.58989842118
T1189050,33062.92295404349
T1189051,37205.671958361156
T1189052,39406.58989842118
T1189053,36422.03625272148
T1189054,57169.19967798649
T1189055,54465.35603272398
T1189056,35174.21256922323
T1189057,36326.36990422724
T1189058,57557.99736051189
T1189059,45595.63231684356
T1189060,35936.98404408153
T1189061,64075.593025470334
T1189062,36325.97443910133
T1189063,58356.02426625908
T1189064,36268.103256057526
T1189065,47153.411823203685
T1189066,37558.13104035566
T1189067,35345.18066972599
T1189068,33179.79815377932
T1189069,32571.028498459393
T1189070,47376.3577758125
T1189071,32904.996696742375
T1189072,36311.022162939385
T1189073,54406.15908071759
T1189074,26671.794436443128
T1189075,37234.86868063025
T1189076,55417.581356902796
T1189077,31562.818550819014
T1189078,35590.45143896523
T1189079,39406.58989842118
T1189080,33066.12033212268
T1189081,58972.014357882515
T1189082,45536.22601344534
T1189083,54820.49199624676
T1189084,33179.79815377932
T1189085,37312.2088003169
T1189086,35938.62644891669
T1189087,36568.063744894585
T1189088,38343.61150308688
T1189089,36086.847920733155
T1189090,35977.42518091264
T1189091,37765.59677149701
T1189092,36288.689589881986
T1189093,36904.2697763943
T1189094,29090.03934875813
T1189095,57415.31205253405
T1189096,43142.16212082129
T1189097,36272.55633390119
T1189098,31193.265525840554
T1189099,35260.657539932334
T1189100,54740.99298479224
T1189101,32919.193204672694
T1189102,39040.17706050448
T1189103,36268.103256057526
T1189104,61309.00204485614
T1189105,46774.48470529046
T1189106,29926.343579041506
T1189107,39587.399249044014
T1189108,36933.99979654368
T1189109,43840.06167244389
T1189110,47376.3577758125
T1189111,36058.41913446664
T1189112,35486.652413098804
T1189113,26786.41913132715
T1189114,31455.780169775117
T1189115,36501.02562667791
T1189116,54345.300144872024
T1189117,31339.245948719217
T1189118,35260.657539932334
T1189119,29208.697835585255
T1189120,39036.15710061481
T1189121,23492.83034957417
T1189122,50001.519039646824
T1189123,33840.06416195859
T1189124,36422.03625272148
T1189125,36896.24635912467
T1189126,33101.92930452869
T1189127,47829.08412375431
T1189128,56550.17950383303
T1189129,35682.8331258598
T1189130,35917.580764327235
T1189131,57098.49449968344
T1189132,34012.62952330716
T1189133,27705.555558887274
T1189134,47376.3577758125
T1189135,37546.202721782545
T1189136,36816.35466262869
T1189137,29259.986620243002
T1189138,37042.48565836414
T1189139,33005.67029055943
T1189140,48481.33692060695
T1189141,45965.1935041985
T1189142,56537.45403297899
T1189143,32518.84372193693
T1189144,35486.854063302846
T1189145,32705.53884236791
T1189146,24046.35300040215
T1189147,39406.58989842118
T1189148,37936.71772548715
T1189149,44064.230569723695
T1189150,36677.6573163592
T1189151,36422.03625272148
T1189152,46344.58544180283
T1189153,54948.29435761433
T1189154,56715.784978796335
T1189155,39406.58989842118
T1189156,54128.655746582976
T1189157,36816.62824730269
T1189158,55221.445687559375
T1189159,34890.20889158039
T1189160,29676.712941906157
T1189161,38555.33016054273
T1189162,36273.745490905705
T1189163,23052.844042623678
T1189164,37830.87287242387
T1189165,37650.68673009304
T1189166,32848.99259511298
T1189167,37072.80083790613
T1189168,44756.253414568695
T1189169,32039.780582141593
T1189170,35315.790543133146
T1189171,29911.418119998194
T1189172,66941.94656221989
T1189173,54465.35603272398
T1189174,27681.49808988861
T1189175,47814.12341398044
T1189176,37326.900019304354
T1189177,34269.652217389776
T1189178,31904.337201958228
T1189179,35977.42518091264
T1189180,35556.314577191544
T1189181,32619.0455779886
T1189182,53793.36804785766
T1189183,35966.637892035804
T1189184,29414.200205360263
T1189185,32794.680425773455
T1189186,45581.52845899848
T1189187,39990.50321245895
T1189188,36288.689589881986
T1189189,44024.46704480822
T1189190,46814.64065066711
T1189191,62532.127529745136
T1189192,57557.99736051189
T1189193,37103.279851709056
T1189194,35938.62644891669
T1189195,55052.554159789084
T1189196,35938.62644891669
T1189197,45773.72491705712
T1189198,45455.55661672111
T1189199,36883.61744624995
T1189200,32331.05821770328
T1189201,39369.890801021524
T1189202,34144.259473477985
T1189203,35476.47924998364
T1189204,56922.98682778263
T1189205,46377.23883924623
T1189206,33671.994121633965
T1189207,36086.847920733155
T1189208,38026.25274352241
T1189209,57557.99736051189
T1189210,44667.943517308384
T1189211,39303.16781640726
T1189212,58507.26079883326
T1189213,29082.526588141278
T1189214,46018.03644678858
T1189215,57314.93949313015
T1189216,37246.495165101755
T1189217,46256.27180259863
T1189218,39221.26644580516
T1189219,36422.03625272148
T1189220,48014.3214855642
T1189221,39488.94975626627
T1189222,28076.40430658935
T1189223,42969.01022287604
T1189224,36249.86261633595
T1189225,29259.986620243002
T1189226,54345.300144872024
T1189227,22693.10853103596
T1189228,47153.411823203685
T1189229,22398.550055107033
T1189230,67966.16684932698
T1189231,48086.995762974555
T1189232,32598.144289606073
T1189233,37558.13104035566
T1189234,44226.37460625998
T1189235,28250.941446736455
T1189236,57169.19967798649
T1189237,36311.022162939385
T1189238,34458.84931353671
T1189239,35682.8331258598
T1189240,47920.71628148007
T1189241,37064.49951254789
T1189242,48655.519399291254
T1189243,24161.206118800063
T1189244,23612.509505727383
T1189245,46129.17308153372
T1189246,35938.62644891669
T1189247,23366.216599359388
T1189248,37886.34387446567
T1189249,59197.75999978266
T1189250,55335.412552446185
T1189251,23321.152739915964
T1189252,39351.24327411773
T1189253,54406.15908071759
T1189254,48029.35212976343
T1189255,44163.94033122859
T1189256,24090.281555663903
T1189257,31974.97586697521
T1189258,54412.64059929401
T1189259,35648.00473995365
T1189260,35659.44202478172
T1189261,45056.616149151276
T1189262,39685.08105850606
T1189263,47760.80410167758
T1189264,39033.28744125323
T1189265,23414.568682714398
T1189266,68488.68643123121
T1189267,55777.36920879609
T1189268,30368.717470302196
T1189269,36014.933040147516
T1189270,37260.58895916221
T1189271,36425.67402613556
T1189272,35340.36441627384
T1189273,54147.218920741056
T1189274,36234.90576876966
T1189275,57555.19145688715
T1189276,57740.412585959966
T1189277,48659.30898149574
T1189278,34282.169245916615
T1189279,31374.576198888157
T1189280,36714.49129707279
T1189281,23316.674800605386
T1189282,36326.36990422724
T1189283,31461.00682253688
T1189284,55614.15458930915
T1189285,32507.012487446504
T1189286,37205.671958361156
T1189287,36519.72227793273
T1189288,68998.2459536527
T1189289,57207.074498071335
T1189290,28571.099983957953
T1189291,46236.43588759477
T1189292,48313.07721650229
T1189293,39581.681935833825
T1189294,30712.396273558217
T1189295,23919.161372788432
T1189296,48055.13188864653
T1189297,36933.99979654368
T1189298,55147.97308523954
T1189299,37103.279851709056
T1189300,39952.87207708187
T1189301,29394.13576384264
T1189302,36677.6573163592
T1189303,36780.60243937629
T1189304,33397.98630832744
T1189305,22977.677702323424
T1189306,38343.61150308688
T1189307,31937.00502405233
T1189308,35025.665908476
T1189309,63957.055011671924
T1189310,34890.20889158039
T1189311,56453.23290502655
T1189312,23307.71536318669
T1189313,66573.57019221694
T1189314,55282.31661229465
T1189315,67779.20864613866
T1189316,22426.291835465203
T1189317,45631.98038206539
T1189318,66568.62242408472
T1189319,46284.28270290285
T1189320,36698.155683553734
T1189321,57077.25105851051
T1189322,31216.200865782565
T1189323,31841.771399817193
T1189324,47425.16522542863
T1189325,23931.41037111007
T1189326,36986.369707834056
T1189327,35260.657539932334
T1189328,38849.45999745846
T1189329,44626.66740955273
T1189330,47278.07409421667
T1189331,32895.1032933904
T1189332,45595.63231684356
T1189333,33759.23647567823
T1189334,36571.5439157447
T1189335,39685.08105850606
T1189336,33352.687014981224
T1189337,33062.92295404349
T1189338,28022.230110448945
T1189339,29331.87572020498
T1189340,35936.98404408153
T1189341,44380.85189905588
T1189342,57098.49449968344
T1189343,29441.9816698781
T1189344,35729.16831410633
T1189345,45865.62801252234
T1189346,35119.91654966478
T1189347,35025.665908476
T1189348,36396.94986265072
T1189349,64205.47784787235
T1189350,32933.388350464375
T1189351,42554.54342250983
T1189352,37650.68673009304
T1189353,37689.163597760315
T1189354,31018.834154998505
T1189355,57098.49449968344
T1189356,54932.03233441693
T1189357,33179.79815377932
T1189358,54167.935474221944
T1189359,73995.39807169035
T1189360,66475.01104510498
T1189361,54923.03670419189
T1189362,27930.215036469916
T1189363,56175.63630151162
T1189364,31187.058827153345
T1189365,38749.788294103964
T1189366,31827.881525314
T1189367,33683.355683773996
T1189368,36780.60243937629
T1189369,30860.328271005248
T1189370,36234.90576876966
T1189371,27417.939848925373
T1189372,40022.72632439034
T1189373,45888.31495675865
T1189374,30040.142517074957
T1189375,47760.80410167758
T1189376,54015.40175731987
T1189377,39462.88401477909
T1189378,59010.06143598843
T1189379,35255.84742475802
T1189380,45708.45348262947
T1189381,45536.22601344534
T1189382,48782.313932204874
T1189383,37246.495165101755
T1189384,66174.26545072964
T1189385,45945.818707793325
T1189386,35917.580764327235
T1189387,45703.26626554874
T1189388,62532.127529745136
T1189389,46979.89612121726
T1189390,45040.37569468461
T1189391,32037.399136666765
T1189392,32003.33403677049
T1189393,30947.618927453244
T1189394,40865.845530602965
T1189395,36325.97443910133
T1189396,38056.40515825285
T1189397,54740.99298479224
T1189398,31369.995095958027
T1189399,42450.67753184274
T1189400,66439.75928913387
T1189401,57314.93949313015
T1189402,23307.71536318669
T1189403,32571.028498459393
T1189404,36711.070203918556
T1189405,39169.80748618765
T1189406,27786.593327268114
T1189407,29174.781661601275
T1189408,27705.555558887274
T1189409,39033.28744125323
T1189410,34755.647803819076
T1189411,64105.53289615413
T1189412,55945.021444143946
T1189413,58356.02426625908
T1189414,35176.57440006747
T1189415,29347.688319128647
T1189416,56213.40275887353
T1189417,47174.56911006282
T1189418,29236.095180419794
T1189419,39535.15160510687
T1189420,37659.484041524156
T1189421,33614.230305659745
T1189422,23982.943570798678
T1189423,33310.819613241605
T1189424,32705.53884236791
T1189425,29488.25188070614
T1189426,29391.725990525418
T1189427,46031.35083195495
T1189428,47063.75274541797
T1189429,40782.36037518465
T1189430,37192.25681649412
T1189431,45596.64933799387
T1189432,47805.85521914607
T1189433,55361.78799709167
T1189434,58262.451460514916
T1189435,36086.847920733155
T1189436,44911.38103147043
T1189437,38313.310405511416
T1189438,22864.311921462253
T1189439,67770.77401889813
T1189440,54753.0197857176
T1189441,22918.828715295476
T1189442,30905.65798350029
T1189443,45499.9682421518
T1189444,35634.8264436515
T1189445,31356.040045955153
T1189446,35492.29783244378
T1189447,32267.314031056514
T1189448,56104.42033422852
T1189449,29391.642119376338
T1189450,35967.65861858389
T1189451,45278.04983172963
T1189452,31952.76120480673
T1189453,64995.842473454024
T1189454,45954.70289437306
T1189455,28525.836634814837
T1189456,34696.097816731984
T1189457,47092.127404941624
T1189458,44659.24544108282
T1189459,60005.84457316387
T1189460,31216.347434755833
T1189461,21917.585256326125
T1189462,54168.956142156705
T1189463,46058.78079997845
T1189464,36297.63011880353
T1189465,47253.31289990603
T1189466,35642.83598719707
T1189467,32386.748209680958
T1189468,36023.091114070485
T1189469,53832.901113322994
T1189470,32443.056716126346
T1189471,23403.959727029283
T1189472,22873.18017580912
T1189473,32101.818506419102
T1189474,46466.372099846005
T1189475,42157.553374082396
T1189476,31144.23457778851
T1189477,54832.88986755723
T1189478,23527.279713562744
T1189479,36570.70059988119
T1189480,67105.29872383222
T1189481,30615.853316166445
T1189482,30336.071169491464
T1189483,35897.8111615447
T1189484,35349.634428514226
T1189485,33410.21436939695
T1189486,44805.7526243379
T1189487,53938.92346653645
T1189488,47775.20662662958
T1189489,52900.69277167874
T1189490,56123.05409017525
T1189491,35688.13415269944
T1189492,27482.1824525832
T1189493,30813.188613305625
T1189494,35373.449394463634
T1189495,36572.93134357906
T1189496,35436.73002099589
T1189497,44105.64188239383
T1189498,30790.411495740955
T1189499,36656.01066950852
T1189500,27859.059656775775
T1189501,42618.6768940247
T1189502,34787.38378553074
T1189503,62877.00997649733
T1189504,53133.19310453151
T1189505,29824.947887290706
T1189506,28582.959296999292
T1189507,35492.29783244378
T1189508,56626.80376212251
T1189509,56848.0755744686
T1189510,56311.495560335126
T1189511,32801.39064742649
T1189512,56468.42786498372
T1189513,33611.00697265722
T1189514,37021.78230138556
T1189515,35197.80657120022
T1189516,36074.411755753106
T1189517,38857.632355691625
T1189518,46675.12405820476
T1189519,22560.5850209111
T1189520,33173.178426633596
T1189521,43645.63714084418
T1189522,23633.031557370763
T1189523,31510.914509055103
T1189524,46984.518486640234
T1189525,29161.183421224217
T1189526,52931.86740035433
T1189527,35104.78708887912
T1189528,42042.37018066852
T1189529,66394.38643852531
T1189530,35070.16063553031
T1189531,45404.005211275784
T1189532,21913.712536002757
T1189533,38543.37099077982
T1189534,53832.901113322994
T1189535,44865.82258628335
T1189536,65257.90069040963
T1189537,44641.63670314512
T1189538,36156.888972207904
T1189539,31911.844343465917
T1189540,38448.80316627532
T1189541,53664.43896557848
T1189542,33772.558915959096
T1189543,37051.1931463169
T1189544,55950.64276276971
T1189545,34934.66037012838
T1189546,33093.39323709023
T1189547,45572.167255802626
T1189548,47248.17298450665
T1189549,46328.76881012637
T1189550,53274.1493217702
T1189551,38430.38932798155
T1189552,36949.61450403601
T1189553,32097.289247993507
T1189554,57355.213780368336
T1189555,43614.43744661757
T1189556,28747.857295081372
T1189557,27583.738734168586
T1189558,56195.531160795676
T1189559,35695.44208105285
T1189560,33996.46120470871
T1189561,35098.04980969269
T1189562,28854.412080199116
T1189563,47098.32476723941
T1189564,36426.928316819234
T1189565,30940.37061465415
T1189566,38561.2603117954
T1189567,23121.94567832194
T1189568,35373.449394463634
T1189569,40321.142282709276
T1189570,44181.52003407243
T1189571,22935.447044546185
T1189572,47733.00049798108
T1189573,28880.118141873343
T1189574,37150.52805524677
T1189575,34270.33638514779
T1189576,58182.555162595876
T1189577,54153.73045431216
T1189578,34509.06455217952
T1189579,22859.497389755263
T1189580,23685.27257891943
T1189581,23416.06749998567
T1189582,35492.74690034696
T1189583,37579.13979296194
T1189584,39254.99163374973
T1189585,61154.925619560585
T1189586,28883.134227708786
T1189587,35947.378635422814
T1189588,32887.84518022954
T1189589,36054.96082294335
T1189590,48163.98306797754
T1189591,39035.525738526645
T1189592,37659.85432716113
T1189593,31543.722902255435
T1189594,44783.94406692881
T1189595,34634.32205715541
T1189596,62780.184891409146
T1189597,34383.99694978497
T1189598,38792.56717884165
T1189599,55638.29290697156
T1189600,22864.311921462253
T1189601,65424.24839166426
T1189602,29768.991530864027
T1189603,53935.79665040978
T1189604,66963.41995957012
T1189605,39538.39393729643
T1189606,43979.64466579454
T1189607,36054.96082294335
T1189608,38170.789754682555
T1189609,34696.097816731984
T1189610,36258.558559628305
T1189611,31599.515625040865
T1189612,36465.35198426202
T1189613,38298.849664348374
T1189614,47092.127404941624
T1189615,62454.1358523299
T1189616,43532.83227850198
T1189617,32625.071557637955
T1189618,57548.63426555965
T1189619,22291.345843121853
T1189620,28575.51658038497
T1189621,45175.51767032864
T1189622,56368.94079908004
T1189623,45229.40188105562
T1189624,45456.39080539851
T1189625,36470.30982397976
T1189626,35949.1610157273
T1189627,38332.25631734455
T1189628,56609.85563707708
T1189629,32810.92172305633
T1189630,47286.213281414595
T1189631,38566.3713055745
T1189632,32509.24210565305
T1189633,27828.73534552725
T1189634,28747.289627681694
T1189635,42252.44129437536
T1189636,35666.899066626574
T1189637,55042.30365571158
T1189638,53213.96835110096
T1189639,46380.708028950205
T1189640,38857.632355691625
T1189641,35715.219524368105
T1189642,40410.09812845147
T1189643,28838.741623548358
T1189644,36297.63011880353
T1189645,38887.53259690523
T1189646,32625.071557637955
T1189647,32544.24967130965
T1189648,35294.624381170834
T1189649,38199.056400181784
T1189650,44476.50107580839
T1189651,37585.90863578453
T1189652,47501.89919041117
T1189653,47730.436124540785
T1189654,45177.043377941154
T1189655,65807.90960547299
T1189656,44783.94406692881
T1189657,33053.152563814074
T1189658,32491.631542737567
T1189659,35620.15582516948
T1189660,53554.2777215614
T1189661,34452.982144572365
T1189662,32263.313158887824
T1189663,45175.51767032864
T1189664,65219.46535958235
T1189665,27323.56619148877
T1189666,35035.39294044962
T1189667,55530.47847202999
T1189668,35808.38951375745
T1189669,23571.631443779534
T1189670,55293.57484443572
T1189671,26323.871059617464
T1189672,35695.44208105285
T1189673,32358.564981271935
T1189674,32267.314031056514
T1189675,31123.191397671624
T1189676,44804.7450379002
T1189677,34634.32205715541
T1189678,53274.1493217702
T1189679,36470.30982397976
T1189680,46515.066648258406
T1189681,34851.531566135556
T1189682,35620.694108424344
T1189683,47170.62551873287
T1189684,27339.828686793502
T1189685,35324.97142849698
T1189686,34383.99694978497
T1189687,38751.514005132696
T1189688,33888.609774578734
T1189689,35373.449394463634
T1189690,27401.61909719801
T1189691,31743.23807482486
T1189692,65175.861242727726
T1189693,36925.13040433736
T1189694,56311.495560335126
T1189695,37041.36886295785
T1189696,37184.75259032397
T1189697,56311.495560335126
T1189698,53360.98647486334
T1189699,36450.649044732825
T1189700,37041.36886295785
T1189701,35301.17385494927
T1189702,55425.419806147074
T1189703,57958.529145316614
T1189704,32165.408448562295
T1189705,32303.058383601932
T1189706,46780.04970020056
T1189707,22633.536979754634
T1189708,32099.521733501064
T1189709,33606.954534361794
T1189710,30498.017395109615
T1189711,36405.11700668265
T1189712,29362.07375506926
T1189713,34703.574182583405
T1189714,35973.57908072415
T1189715,28747.289627681694
T1189716,37659.85432716113
T1189717,34705.28153295064
T1189718,43847.016797501215
T1189719,36512.06219659881
T1189720,35492.74690034696
T1189721,31084.871818956806
T1189722,45165.17382412798
T1189723,35098.04980969269
T1189724,36367.248856391736
T1189725,32565.59906392249
T1189726,53750.34695909457
T1189727,61736.61746527992
T1189728,29119.929482671567
T1189729,52633.92537808
T1189730,36526.58477346181
T1189731,47253.4146875651
T1189732,36458.813035691775
T1189733,52647.513841719934
T1189734,28699.04615574149
T1189735,35545.49190771543
T1189736,54483.66280386311
T1189737,43775.313370454576
T1189738,43589.89612801974
T1189739,53133.19310453151
T1189740,38068.06803926891
T1189741,34696.097816731984
T1189742,57448.00792482371
T1189743,38298.849664348374
T1189744,47030.91489997012
T1189745,55005.906896120934
T1189746,43507.038760861455
T1189747,35899.095502399075
T1189748,53552.41665204828
T1189749,38751.514005132696
T1189750,36090.60637989995
T1189751,35373.595897849584
T1189752,54178.32237320802
T1189753,39804.763526440285
T1189754,44790.77202900772
T1189755,43288.08827112671
T1189756,35230.8216887792
T1189757,46780.04970020056
T1189758,39338.34076486232
T1189759,45196.268920515664
T1189760,35715.219524368105
T1189761,28903.012148243346
T1189762,33304.87968093771
T1189763,36098.940816796094
T1189764,31706.971642672528
T1189765,49384.11533859327
T1189766,47498.452417328386
T1189767,38309.33048746335
T1189768,22999.419050323708
T1189769,35492.74690034696
T1189770,35545.49190771543
T1189771,34972.64084071878
T1189772,53213.96835110096
T1189773,26491.153409369108
T1189774,45421.74508151886
T1189775,61154.925619560585
T1189776,56368.94079908004
T1189777,37155.28531268768
T1189778,36465.35198426202
T1189779,30982.843328687868
T1189780,35947.378635422814
T1189781,36177.323581061544
T1189782,35270.83770088651
T1189783,58118.63670520251
T1189784,27624.9649536174
T1189785,36177.323581061544
T1189786,31458.20064483004
T1189787,56609.85563707708
T1189788,54234.96023178005
T1189789,37371.151657556424
T1189790,27401.61909719801
T1189791,30885.510349646658
T1189792,38751.514005132696
T1189793,38856.189418654125
T1189794,35479.84295098821
T1189795,46050.477382412995
T1189796,35715.219524368105
T1189797,34828.28028808534
T1189798,30560.7834448066
T1189799,28956.684635970014
T1189800,32199.0337866187
T1189801,41108.37899686547
T1189802,47304.72060597757
T1189803,34154.293311722045
T1189804,43442.52148046464
T1189805,38513.504227203266
T1189806,23810.651977707028
T1189807,53321.45635710269
T1189808,38662.80826577181
T1189809,32360.501533961597
T1189810,30820.64093445962
T1189811,22973.936699280563
T1189812,37687.48882849802
T1189813,29403.345359084415
T1189814,48361.092849152556
T1189815,47632.71411107428
T1189816,34319.470968159294
T1189817,32330.12808110128
T1189818,36443.538666081055
T1189819,31252.938418786885
T1189820,27407.15961702387
T1189821,29935.656661063873
T1189822,29855.45141720603
T1189823,33466.5440437777
T1189824,29225.00500449233
T1189825,34592.10602712927
T1189826,37689.60504366612
T1189827,43292.62616906747
T1189828,31929.460811387264
T1189829,44006.630034320464
T1189830,32285.510200245873
T1189831,35211.79750416448
T1189832,52623.65947862985
T1189833,30287.970393636857
T1189834,23795.393601500196
T1189835,46339.17558578236
T1189836,29666.173957682593
T1189837,31070.44410193689
T1189838,23447.703450880763
T1189839,38547.29660395682
T1189840,34355.33300445397
T1189841,26765.500306683825
T1189842,23404.244582521947
T1189843,32586.811899178312
T1189844,27424.854707322087
T1189845,29917.603359213845
T1189846,36110.47301835437
T1189847,43241.505658478614
T1189848,28727.381116964047
T1189849,45261.60192983221
T1189850,49715.80719075603
T1189851,47288.333115182635
T1189852,30764.779336746036
T1189853,27448.740121365725
T1189854,48184.80030439029
T1189855,34518.11579324609
T1189856,31506.43758640865
T1189857,24064.196346163848
T1189858,28294.246048372974
T1189859,46574.48071136334
T1189860,51599.25036867043
T1189861,28135.10540104395
T1189862,32586.811899178312
T1189863,27443.98283435184
T1189864,33521.76570241445
T1189865,34239.168226596215
T1189866,36469.20231850184
T1189867,51142.40417073126
T1189868,33390.54692309373
T1189869,52621.0445556762
T1189870,27728.5942198281
T1189871,19483.837589486015
T1189872,42256.00744702009
T1189873,37981.323209303184
T1189874,27537.43076837705
T1189875,52793.33770657515
T1189876,29396.36693232358
T1189877,53780.066101969554
T1189878,52872.24233422202
T1189879,31406.95113562262
T1189880,37948.485258857756
T1189881,34352.96982594473
T1189882,44960.21280824144
T1189883,42544.00883977689
T1189884,43427.024165447496
T1189885,29566.500650807204
T1189886,41018.42603490965
T1189887,20028.64903252823
T1189888,37904.44935221338
T1189889,45208.57517492017
T1189890,38412.77073606346
T1189891,45492.361385606295
T1189892,44713.48208444755
T1189893,35198.33658477034
T1189894,27281.461444935387
T1189895,62885.73412000516
T1189896,31049.840942047584
T1189897,27981.427682587953
T1189898,43459.1320104108
T1189899,42600.16609121837
T1189900,45114.23323947922
T1189901,35281.5915952189
T1189902,39856.83672595046
T1189903,45565.19973567011
T1189904,31460.402855287215
T1189905,31776.444772658757
T1189906,22572.051388432716
T1189907,24010.28838357337
T1189908,34600.23243158419
T1189909,23272.79921860223
T1189910,31646.459970095028
T1189911,33978.12001185849
T1189912,30313.593716034844
T1189913,34394.52430318959
T1189914,51399.258676721605
T1189915,23823.048131309526
T1189916,31252.938418786885
T1189917,34667.67488554096
T1189918,64988.39850518221
T1189919,49537.049502782334
T1189920,43589.7457854286
T1189921,31134.215945263928
T1189922,27174.1036977668
T1189923,29935.656661063873
T1189924,34285.81654366939
T1189925,27487.219145348947
T1189926,37177.41673081612
T1189927,34280.4057890111
T1189928,29573.579522866883
T1189929,34071.6361082952
T1189930,42340.251751372234
T1189931,34108.04281641535
T1189932,49863.655928118606
T1189933,31968.23549553867
T1189934,37118.11655983592
T1189935,47304.72060597757
T1189936,43292.62616906747
T1189937,54099.04458953553
T1189938,54328.22291149024
T1189939,34088.52149034532
T1189940,33679.436228255756
T1189941,50780.20375479779
T1189942,32428.254506774665
T1189943,46408.058602800105
T1189944,52643.11138465406
T1189945,49014.791635918795
T1189946,35426.217778736784
T1189947,23226.47489735186
T1189948,20129.055113152386
T1189949,50452.265304958324
T1189950,32018.004848297816
T1189951,57522.393839354845
T1189952,51475.88322259202
T1189953,27341.76361457309
T1189954,28405.182950931347
T1189955,34394.72216613624
T1189956,33627.1193446873
T1189957,39937.22347666845
T1189958,37017.87092111811
T1189959,20341.840371915707
T1189960,34804.62452359817
T1189961,32918.50784191009
T1189962,41832.04283178816
T1189963,31169.51310642649
T1189964,34410.39333459779
T1189965,35211.79750416448
T1189966,34280.4057890111
T1189967,30616.28501588242
T1189968,43065.05783710047
T1189969,30729.367263709828
T1189970,26465.497621737446
T1189971,38544.46566625651
T1189972,50172.85563480678
T1189973,29636.353282613807
T1189974,29596.626112515703
T1189975,38325.90959945259
T1189976,34569.619396471106
T1189977,31226.824019244472
T1189978,34410.39333459779
T1189979,47468.79166376864
T1189980,50597.690860287854
T1189981,36279.77369707031
T1189982,50996.77143893147
T1189983,54584.07116152016
T1189984,32285.510200245873
T1189985,45024.57270868418
T1189986,38269.21089629475
T1189987,27561.39369906268
T1189988,52537.38864929275
T1189989,34718.686436851785
T1189990,32385.622374216568
T1189991,47115.56012479467
T1189992,34481.63612190725
T1189993,23131.328520145227
T1189994,35550.751179861
T1189995,34983.677442147215
T1189996,53022.85677284314
T1189997,27795.01244189349
T1189998,42614.24976713438
T1189999,28844.85486726735
T1190000,49924.06550418292
T1190001,34394.72216613624
T1190002,39041.28640182421
T1190003,26743.686599062432
T1190004,30946.257035335922
T1190005,36755.8940022599
T1190006,29612.06017890284
T1190007,42798.276388436396
T1190008,26761.116556239307
T1190009,27745.558212217493
T1190010,23975.472657852013
T1190011,33978.6654199354
T1190012,29747.572822521764
T1190013,49181.625121782694
T1190014,44942.9223255829
T1190015,32325.770706401523
T1190016,34239.168226596215
T1190017,32428.254506774665
T1190018,34394.72216613624
T1190019,38325.90959945259
T1190020,38746.895899153424
T1190021,37219.64518798262
T1190022,45599.72830131321
T1190023,26765.500306683825
T1190024,29024.701454740443
T1190025,28668.177790469326
T1190026,46831.0254139047
T1190027,31776.444772658757
T1190028,27605.627670249654
T1190029,48766.79477848718
T1190030,27684.65740003457
T1190031,63069.11909386023
T1190032,34481.63612190725
T1190033,42069.91730006739
T1190034,26560.860259820998
T1190035,47240.60690738787
T1190036,22494.132956833822
T1190037,34935.66615399351
T1190038,43766.37631285784
T1190039,34410.39333459779
T1190040,38293.94043452887
T1190041,35211.79750416448
T1190042,29024.27574825791
T1190043,20079.653574096406
T1190044,45820.32021562224
T1190045,37372.73806140861
T1190046,23355.886429399645
T1190047,26409.051980660763
T1190048,35115.19195006157
T1190049,20182.11285211954
T1190050,27307.021510593768
T1190051,48184.80030439029
T1190052,39207.81109992516
T1190053,35550.751179861
T1190054,31579.92680506286
T1190055,49000.3380020094
T1190056,33627.1193446873
T1190057,30009.739150155317
T1190058,51022.60488792549
T1190059,36183.4981977353
T1190060,20320.163930133713
T1190061,52686.331231126765
T1190062,32608.60641562098
T1190063,34363.77218964597
T1190064,38311.26224591542
T1190065,28166.285855744743
T1190066,39105.67591376181
T1190067,32385.622374216568
T1190068,35376.64995725506
T1190069,34636.70001845784
T1190070,54814.34055370254
T1190071,34400.307134909424
T1190072,40417.63309948793
T1190073,27731.871842436965
T1190074,34735.84044635496
T1190075,29479.05975003144
T1190076,46277.10673330944
T1190077,40699.63123515279
T1190078,31776.052009841693
T1190079,38755.44471517821
T1190080,36106.602292304946
T1190081,38272.655461500406
T1190082,31131.67319736972
T1190083,52143.03575074764
T1190084,30779.091828339802
T1190085,33880.3759527389
T1190086,30114.63549477858
T1190087,20412.203206558985
T1190088,27900.990791930893
T1190089,28795.833466348147
T1190090,44982.329690135164
T1190091,36040.94245285167
T1190092,35872.86099211774
T1190093,26765.500306683825
T1190094,31504.588629582973
T1190095,29975.588635051994
T1190096,45702.073766348156
T1190097,50452.265304958324
T1190098,30924.538085973956
T1190099,32319.838079733177
T1190100,42399.399556697295
T1190101,51590.76439748353
T1190102,40111.95445774965
T1190103,29585.839299084742
T1190104,27660.52143749889
T1190105,23854.23199939396
T1190106,51253.522700517635
T1190107,24182.428873138957
T1190108,29917.603359213845
T1190109,35514.27378362208
T1190110,34130.027315279185
T1190111,50558.29602783087
T1190112,34762.204501617314
T1190113,36877.64638123581
T1190114,29612.06017890284
T1190115,29893.081966804668
T1190116,27442.37810805054
T1190117,31702.125456053378
T1190118,32134.00763407435
T1190119,26975.385549874838
T1190120,52643.11138465406
T1190121,35376.64995725506
T1190122,25849.7712547167
T1190123,36436.35740426695
T1190124,52510.09810761385
T1190125,39630.150518574446
T1190126,45599.72830131321
T1190127,31384.806215426357
T1190128,44622.23663316171
T1190129,56907.84976924704
T1190130,37417.202311011846
T1190131,43322.47626790297
T1190132,43462.06191786303
T1190133,52448.48547830681
T1190134,33390.54692309373
T1190135,33802.034145416066
T1190136,30042.258968624603
T1190137,27514.29160325398
T1190138,28627.58323523298
T1190139,30446.801987431278
T1190140,27763.535630160808
T1190141,34735.84044635496
T1190142,26055.552536684492
T1190143,31346.315356543477
T1190144,27447.95854944759
T1190145,31547.028054128743
T1190146,27458.398968380832
T1190147,34667.67488554096
T1190148,33627.1193446873
T1190149,58944.07835615391
T1190150,40552.544140781785
T1190151,31789.68766842245
T1190152,34952.00863121394
T1190153,35514.27378362208
T1190154,32115.56475621233
T1190155,35099.91677458804
T1190156,34475.454530877105
T1190157,31547.028054128743
T1190158,37425.403956299124
T1190159,32000.42414901221
T1190160,32096.40338473166
T1190161,32251.818615137305
T1190162,28063.49997013638
T1190163,23868.33642863292
T1190164,34218.12131878945
T1190165,29697.5758613913
T1190166,35197.245696343634
T1190167,42020.055561361754
T1190168,33120.305744234574
T1190169,64162.84795400217
T1190170,37143.78553070376
T1190171,37840.202369140985
T1190172,32061.167729957888
T1190173,33496.23323329535
T1190174,41404.184783614044
T1190175,57472.80546739975
T1190176,42267.24108432366
T1190177,27224.08797491416
T1190178,42381.85321792061
T1190179,39937.3077359279
T1190180,42936.53562654188
T1190181,41254.092205858426
T1190182,33532.12612829643
T1190183,37939.354475715474
T1190184,44710.761704151424
T1190185,42324.10777992087
T1190186,46251.69570592474
T1190187,52993.17645369602
T1190188,64386.36968360743
T1190189,41870.12750076055
T1190190,42537.49504615865
T1190191,54135.34804806415
T1190192,50198.96997791939
T1190193,61187.42481701089
T1190194,35638.95787337122
T1190195,35302.12777563544
T1190196,41309.40583740184
T1190197,37863.23748334502
T1190198,53390.98387753806
T1190199,47492.30432893079
T1190200,34058.46667596159
T1190201,45545.81716422231
T1190202,43132.25224226009
T1190203,32133.772624062738
T1190204,53362.4096940802
T1190205,57175.90558199997
T1190206,41718.67876932644
T1190207,43565.335916920114
T1190208,27700.29871514631
T1190209,43813.09969763664
T1190210,42882.68173309149
T1190211,63175.73953963098
T1190212,42936.53562654188
T1190213,40851.24395024642
T1190214,62049.0254633417
T1190215,42033.74642318308
T1190216,41309.40583740184
T1190217,37308.14507005249
T1190218,41254.092205858426
T1190219,60553.94212461763
T1190220,43132.25224226009
T1190221,56487.82459722317
T1190222,39344.348150166035
T1190223,46454.828545739074
T1190224,32743.439466852105
T1190225,37903.09784539083
T1190226,38034.16199662142
T1190227,45494.29601006661
T1190228,27700.29871514631
T1190229,46076.15414624878
T1190230,66076.02777218731
T1190231,43748.464544194394
T1190232,32285.946151295393
T1190233,64815.72042971431
T1190234,52653.02670753267
T1190235,64493.393624858625
T1190236,51831.53157801795
T1190237,42882.68173309149
T1190238,44676.8880249461
T1190239,32997.734043271914
T1190240,42499.62382373354
T1190241,52815.35584644044
T1190242,61100.68701972859
T1190243,36835.59573736228
T1190244,33817.75738210374
T1190245,53549.816650732486
T1190246,26928.612343679062
T1190247,34592.61319611521
T1190248,28712.30332734308
T1190249,42109.53064116946
T1190250,31723.487221111565
T1190251,33307.2907390636
T1190252,51485.88732145392
T1190253,37295.20774287364
T1190254,54890.816293094416
T1190255,42255.243031186365
T1190256,43142.38738660239
T1190257,39065.70746340838
T1190258,41323.598379722614
T1190259,56413.10947996435
T1190260,42020.055561361754
T1190261,62045.111002419966
T1190262,32067.359011373635
T1190263,42141.68794550718
T1190264,43105.35430467919
T1190265,64413.175328091136
T1190266,42493.59408636751
T1190267,55065.79508983153
T1190268,63000.8998350321
T1190269,47214.41691804435
T1190270,46565.623438853436
T1190271,36843.33989053056
T1190272,46565.623438853436
T1190273,62704.31186932754
T1190274,34527.44581479208
T1190275,51618.18466719198
T1190276,38286.530783805625
T1190277,42329.57378525463
T1190278,61898.641101013076
T1190279,43105.35430467919
T1190280,46814.8876038379
T1190281,46959.57207451618
T1190282,33357.63258302617
T1190283,42604.063943373236
T1190284,44101.26588737389
T1190285,37889.93752266909
T1190286,27964.26227716961
T1190287,42791.78123575133
T1190288,28946.83011894128
T1190289,37877.18472659822
T1190290,33149.81665124752
T1190291,39365.04144508082
T1190292,70664.68143762006
T1190293,43081.15849909435
T1190294,78080.59289322769
T1190295,52671.42849554315
T1190296,43771.16081963075
T1190297,37295.20774287364
T1190298,54879.489054771475
T1190299,62836.43734115931
T1190300,38743.46263246713
T1190301,39065.70746340838
T1190302,42407.43178311034
T1190303,42661.3488425343
T1190304,54908.616344902315
T1190305,27819.751651312698
T1190306,34564.954666047845
T1190307,52744.57011938756
T1190308,28933.274516881247
T1190309,23519.768980865603
T1190310,40851.24395024642
T1190311,42818.055487572674
T1190312,61857.07135421311
T1190313,41240.45742006237
T1190314,33314.37448660775
T1190315,35595.14670160145
T1190316,44045.029331693906
T1190317,36049.94764787949
T1190318,42033.74642318308
T1190319,30913.987087109646
T1190320,37143.40748647583
T1190321,42277.09794552848
T1190322,55835.099337513726
T1190323,55779.516815678624
T1190324,41921.57116832038
T1190325,41763.766747663474
T1190326,38863.877035365935
T1190327,37206.32653451219
T1190328,55467.573649101585
T1190329,41883.41373597381
T1190330,33333.009625581835
T1190331,55525.44697415161
T1190332,55670.74015062216
T1190333,35340.73744331578
T1190334,62284.53540138904
T1190335,46164.768466334026
T1190336,37903.09784539083
T1190337,46801.13483007856
T1190338,43552.36907847565
T1190339,33040.15975790978
T1190340,34789.17035833486
T1190341,41921.57116832038
T1190342,43565.335916920114
T1190343,42380.810621751334
T1190344,33420.55435910016
T1190345,32087.182510402
T1190346,35840.49190732163
T1190347,36002.693496893655
T1190348,32926.183023784906
T1190349,42256.915746698716
T1190350,41859.85395169287
T1190351,42558.01887128446
T1190352,33723.8869966563
T1190353,53557.91286521479
T1190354,66139.48357860092
T1190355,42978.10697337059
T1190356,38214.22586720643
T1190357,38894.92260646176
T1190358,32087.182510402
T1190359,46561.876927229794
T1190360,26346.8357409904
T1190361,38791.900339430416
T1190362,45249.93919347525
T1190363,51021.58059747089
T1190364,45565.653240353015
T1190365,43609.74896581682
T1190366,74879.61602214992
T1190367,37147.418475827646
T1190368,75141.90707261668
T1190369,61246.09826484332
T1190370,35340.05469794661
T1190371,52594.76037182569
T1190372,39608.2982622494
T1190373,41309.40583740184
T1190374,55262.28993239613
T1190375,62554.63123944492
T1190376,23502.004368930433
T1190377,27607.6982290951
T1190378,66051.74966284368
T1190379,53676.07769096245
T1190380,63739.96387946591
T1190381,45666.560348577455
T1190382,55610.87219696416
T1190383,64227.61773232401
T1190384,54168.773852670674
T1190385,40869.178865011265
T1190386,53725.628277111915
T1190387,54249.5440879559
T1190388,41859.85395169287
T1190389,32867.303758802926
T1190390,42186.57673666133
T1190391,66271.0970876592
T1190392,46846.91985690905
T1190393,41852.69589891189
T1190394,61707.6773703803
T1190395,53460.124661370195
T1190396,41977.63686496697
T1190397,41528.11794327572
T1190398,44384.66598034747
T1190399,69616.07997244695
T1190400,46572.29397367525
T1190401,35766.25155909345
T1190402,61649.46376759696
T1190403,38997.48797536384
T1190404,33658.643851065004
T1190405,41959.16720509692
T1190406,37904.749457519356
T1190407,38214.22586720643
T1190408,66771.36611687944
T1190409,62842.48097034065
T1190410,41959.16720509692
T1190411,41582.22094057324
T1190412,27828.6215828371
T1190413,55786.19285265242
T1190414,35476.727327715416
T1190415,42109.53064116946
T1190416,39083.220521879855
T1190417,42936.53562654188
T1190418,42179.38897808182
T1190419,55340.15291400268
T1190420,35710.347238007016
T1190421,54184.8477229685
T1190422,51640.252029584975
T1190423,31850.424992693097
T1190424,42381.85321792061
T1190425,43081.15849909435
T1190426,40784.13918090797
T1190427,28791.027855744473
T1190428,39583.18338929314
T1190429,46199.94901235161
T1190430,33592.28014368282
T1190431,41320.60076541688
T1190432,54890.00831122155
T1190433,38512.138104153324
T1190434,39531.5286880556
T1190435,52815.35584644044
T1190436,62281.836218465236
T1190437,46180.13205283328
T1190438,52028.95241423728
T1190439,33445.639959887434
T1190440,27833.428606448986
T1190441,52931.90161983758
T1190442,41662.401957590584
T1190443,31153.58632626466
T1190444,34030.31697643193
T1190445,38286.530783805625
T1190446,41744.02250110417
T1190447,38985.8561908692
T1190448,45661.29512085653
T1190449,41565.525658724735
T1190450,42267.24108432366
T1190451,41646.351485226674
T1190452,64092.17911792246
T1190453,39533.77728994996
T1190454,53033.4378827505
T1190455,37840.202369140985
T1190456,27670.349733735646
T1190457,55065.79508983153
T1190458,39531.5286880556
T1190459,53168.46505672105
T1190460,37371.13141148756
T1190461,39760.48216607479
T1190462,43761.27842921886
T1190463,36390.007727710065
T1190464,41827.01863136321
T1190465,31469.047142919062
T1190466,55949.11914113477
T1190467,41758.907606568166
T1190468,46255.69482630221
T1190469,52046.48968577338
T1190470,35479.70997569463
T1190471,72394.93559904408
T1190472,51258.54392249491
T1190473,36138.099322950395
T1190474,34495.46035668728
T1190475,65111.076929272785
T1190476,42407.43178311034
T1190477,52993.17645369602
T1190478,54797.30205388603
T1190479,54105.368713995485
T1190480,66903.64758357516
T1190481,45249.93919347525
T1190482,39116.43983879582
T1190483,28169.410246518477
T1190484,41699.87403971371
T1190485,32083.98168484447
T1190486,64195.34257250811
T1190487,51522.81920326779
T1190488,21884.33140605402
T1190489,61857.07135421311
T1190490,42608.14498033377
T1190491,62823.975364680315
T1190492,39853.878497106285
T1190493,53560.631357411316
T1190494,42779.03262364764
T1190495,28786.42325881736
T1190496,53236.013831606055
T1190497,33227.87259526735
T1190498,40643.66196534713
T1190499,54908.616344902315
T1190500,42818.055487572674
T1190501,62139.591808612575
T1190502,47281.719931797714
T1190503,55314.173403998306
T1190504,55467.573649101585
T1190505,41498.2272577464
T1190506,33335.909965608414
T1190507,28284.183689815112
T1190508,41921.57116832038
T1190509,38156.8956257197
T1190510,53874.50866909262
T1190511,43521.334409459356
T1190512,34732.55223819256
T1190513,38985.8561908692
T1190514,70664.68143762006
T1190515,76245.31118360821
T1190516,39301.93279993489
T1190517,51642.197669855486
T1190518,42109.53064116946
T1190519,52418.581110737156
T1190520,41763.766747663474
T1190521,56305.850740963484
T1190522,39499.21224032415
T1190523,32011.55724790436
T1190524,43116.38504302318
T1190525,34074.9543461331
T1190526,39194.640632843664
T1190527,38090.39358328195
T1190528,40930.59999900973
T1190529,56487.82459722317
T1190530,54303.693627315784
T1190531,33210.68765552318
T1190532,62592.75675771087
T1190533,30893.358308716866
T1190534,42364.044050296725
T1190535,56011.56622651294
T1190536,62872.91429125283
T1190537,66372.46943756781
T1190538,27832.891715370322
T1190539,61569.65209396394
T1190540,72437.26292406894
T1190541,75110.3798939769
T1190542,42507.807941990184
T1190543,42433.252250069345
T1190544,37706.31535928672
T1190545,37169.425646132666
T1190546,45809.23684678249
T1190547,54991.06595591677
T1190548,56394.43281804338
T1190549,55603.40024281184
T1190550,67002.53177532394
T1190551,35665.245198642995
T1190552,35327.72113882285
T1190553,28976.8258899258
T1190554,41769.58365653092
T1190555,41272.298824247235
T1190556,44075.067921527116
T1190557,36109.71941369768
T1190558,39731.49371636623
T1190559,39620.74265849388
T1190560,28801.34471061825
T1190561,43809.05704496154
T1190562,70709.60069803461
T1190563,61960.48144122837
T1190564,53913.84744726389
T1190565,38018.919364044006
T1190566,40832.01830362108
T1190567,53578.18601790686
T1190568,38164.81059450489
T1190569,66915.78122132283
T1190570,39620.74265849388
T1190571,54519.075191015705
T1190572,53006.772261661805
T1190573,62902.41590358598
T1190574,53993.54851856195
T1190575,54477.2956423616
T1190576,41967.22752150327
T1190577,55410.05375725304
T1190578,42202.81485613191
T1190579,38295.53342023195
T1190580,42328.20062212955
T1190581,39062.58223199483
T1190582,53345.14726639305
T1190583,62264.19952752486
T1190584,56000.99498645962
T1190585,35333.50315032521
T1190586,39612.6611025685
T1190587,42126.96063620736
T1190588,53185.07180714244
T1190589,32716.533115440787
T1190590,42956.82319033806
T1190591,54454.20776545699
T1190592,35603.544317848966
T1190593,46179.66704732207
T1190594,35640.146779308314
T1190595,66458.8442158217
T1190596,74685.69374689292
T1190597,54084.897009433764
T1190598,45810.0800306386
T1190599,41948.86834978419
T1190600,61839.427234490926
T1190601,27705.680631447765
T1190602,44727.12431491272
T1190603,28722.50937202834
T1190604,42118.731646716726
T1190605,41495.825132571605
T1190606,33485.9014594033
T1190607,47003.70548383329
T1190608,39672.45940007133
T1190609,46676.357350713224
T1190610,35695.992558418344
T1190611,46853.2922766193
T1190612,47413.971166545256
T1190613,61781.14744738811
T1190614,26496.90425676107
T1190615,41967.22752150327
T1190616,32040.10428277138
T1190617,51253.05997412517
T1190618,42238.105749479066
T1190619,43586.04960804512
T1190620,28211.34897955658
T1190621,39045.07410050267
T1190622,40588.57017191094
T1190623,41672.115687796366
T1190624,47624.86877399907
T1190625,42802.8314713435
T1190626,34171.28906776805
T1190627,61279.43451759048
T1190628,33222.48692208428
T1190629,43563.287126195544
T1190630,38778.84024679246
T1190631,32997.23603295454
T1190632,23642.79561949999
T1190633,41999.34960489451
T1190634,41253.835057231445
T1190635,52608.30164166436
T1190636,41845.537763591434
T1190637,45430.66207678492
T1190638,43542.03695569599
T1190639,41744.329576625525
T1190640,38921.96456617695
T1190641,42230.913315685146
T1190642,42988.948108035256
T1190643,33907.23164938942
T1190644,46245.04517383102
T1190645,54173.101845877405
T1190646,38984.39105831328
T1190647,69660.64300184399
T1190648,46988.57281463569
T1190649,37722.992956410366
T1190650,61960.48144122837
T1190651,42547.92588987982
T1190652,42051.159704486636
T1190653,32005.218950105118
T1190654,33932.548563553406
T1190655,31901.994858756472
T1190656,37989.63942785003
T1190657,51849.42107197674
T1190658,33163.432778999784
T1190659,43125.684312281934
T1190660,33763.511878377576
T1190661,56816.30960091887
T1190662,55557.48859224795
T1190663,55152.79732313188
T1190664,28027.879258850222
T1190665,54991.06595591677
T1190666,39448.37721593026
T1190667,39216.66553013525
T1190668,42118.731646716726
T1190669,47091.342901922566
T1190670,56400.33591706669
T1190671,51849.078147729844
T1190672,43237.12562926409
T1190673,38965.24530575564
T1190674,40911.35446657517
T1190675,40063.285446965885
T1190676,42956.82319033806
T1190677,41563.993281746865
T1190678,54793.258222383374
T1190679,41593.96522703033
T1190680,37856.499477703175
T1190681,37895.580225818885
T1190682,28321.67752810521
T1190683,41253.835057231445
T1190684,42956.82319033806
T1190685,38730.41122915205
T1190686,54870.65873910574
T1190687,42328.20062212955
T1190688,42317.867354787806
T1190689,46915.928030947834
T1190690,64236.73895719254
T1190691,41909.118436075834
T1190692,41644.024004590814
T1190693,33275.91914558523
T1190694,32040.10428277138
T1190695,41909.118436075834
T1190696,35724.026103066695
T1190697,42627.99845362717
T1190698,32792.72759753861
T1190699,64352.92500255418
T1190700,41999.34960489451
T1190701,42577.85990180289
T1190702,33602.55689006011
T1190703,55849.076272847386
T1190704,53577.57158646414
T1190705,61952.604656203795
T1190706,39352.439945069964
T1190707,36450.07903733737
T1190708,78246.18998429296
T1190709,43101.48242824683
T1190710,52860.24926825543
T1190711,52049.89827023892
T1190712,43791.92657324638
T1190713,37308.4921718436
T1190714,42851.30553564755
T1190715,27896.88696515767
T1190716,62918.24579477948
T1190717,35157.73601491656
T1190718,52930.77753182616
T1190719,41965.30938963339
T1190720,41523.46910629613
T1190721,55655.45401428881
T1190722,42681.21551510988
T1190723,39622.99396188009
T1190724,32888.96683009261
T1190725,33292.97786184397
T1190726,37177.14672039763
T1190727,56091.66689299589
T1190728,42391.22098405611
T1190729,41939.22266252809
T1190730,40764.93036413876
T1190731,37895.580225818885
T1190732,46459.04502241634
T1190733,28811.390654595718
T1190734,62340.88688743806
T1190735,55775.74993064202
T1190736,33187.968669092064
T1190737,43101.48242824683
T1190738,38890.90749789293
T1190739,41845.537763591434
T1190740,37240.09619180909
T1190741,45430.66207678492
T1190742,70709.60069803461
T1190743,55516.561446043626
T1190744,55922.51988390311
T1190745,46612.47067846354
T1190746,55807.50958307715
T1190747,55005.39697415739
T1190748,41939.22266252809
T1190749,36045.14290979796
T1190750,54929.34308613859
T1190751,63901.33910464625
T1190752,41826.03553322505
T1190753,27841.763877979265
T1190754,37372.446410964265
T1190755,42051.159704486636
T1190756,27733.710262270597
T1190757,46114.59205713885
T1190758,27735.649969891907
T1190759,39961.74543852951
T1190760,41221.913090345726
T1190761,38965.24530575564
T1190762,42581.128045628684
T1190763,32217.32509981173
T1190764,46289.243680851345
T1190765,38761.39997678495
T1190766,55052.59467230379
T1190767,42411.10534228369
T1190768,66915.78122132283
T1190769,43153.250572739984
T1190770,55807.50958307715
T1190771,55077.58242141144
T1190772,41614.009726902535
T1190773,26588.73093340103
T1190774,60679.63716737518
T1190775,39045.07410050267
T1190776,62091.92024743321
T1190777,66154.27988650909
T1190778,43586.04960804512
T1190779,45787.15360241486
T1190780,27735.649969891907
T1190781,53553.80932377843
T1190782,53424.33096589548
T1190783,42896.213115756276
T1190784,52841.81236901712
T1190785,44178.03583999007
T1190786,76213.53822887482
T1190787,42482.19714213313
T1190788,42519.7152611442
T1190789,55807.50958307715
T1190790,42009.641374359366
T1190791,62169.617816581835
T1190792,33566.57167821679
T1190793,64578.28736971691
T1190794,43768.955533129716
T1190795,39143.56370941726
T1190796,64210.35224470358
T1190797,40832.01830362108
T1190798,63315.36088473365
T1190799,37722.992956410366
T1190800,62786.0286808157
T1190801,52695.60819690977
T1190802,32967.7975684287
T1190803,46687.31326537121
T1190804,32682.22554909613
T1190805,39490.87665362169
T1190806,36848.0908184267
T1190807,42317.85145025173
T1190808,33395.771823892894
T1190809,63049.91211038598
T1190810,42507.807941990184
T1190811,39926.0911529078
T1190812,41291.390392290916
T1190813,47153.72663119102
T1190814,42118.731646716726
T1190815,51731.73499059386
T1190816,46687.31326537121
T1190817,31978.952487096274
T1190818,31386.55105232953
T1190819,43125.684312281934
T1190820,55241.075001700876
T1190821,64498.01283009555
T1190822,55241.075001700876
T1190823,35045.903221671804
T1190824,46199.48390056436
T1190825,53006.772261661805
T1190826,57791.538240602
T1190827,42624.18166126764
T1190828,41221.913090345726
T1190829,52032.3603869003
T1190830,27321.4430168988
T1190831,33213.14262308668
T1190832,42482.19714213313
T1190833,51500.59432062012
T1190834,52828.9273367736
T1190835,37272.10394838032
T1190836,62066.85260446222
T1190837,43630.47390073379
T1190838,42417.00329358228
T1190839,33410.00470091644
T1190840,41854.96526652069
T1190841,46455.363073617664
T1190842,44740.76904840072
T1190843,46360.3179299807
T1190844,36028.14300031195
T1190845,51861.13717373572
T1190846,34514.89047812113
T1190847,33075.10051271471
T1190848,42987.231648803376
T1190849,54180.11571992866
T1190850,42115.40424222232
T1190851,38499.12826873997
T1190852,41526.454919451164
T1190853,53376.05587457966
T1190854,52422.00265329647
T1190855,38348.07939002817
T1190856,54308.66340945617
T1190857,54300.00646173904
T1190858,32142.404324038867
T1190859,51851.37090593753
T1190860,65188.71842753153
T1190861,43237.12562926409
T1190862,52828.9273367736
T1190863,42126.96063620736
T1190864,53410.60994134989
T1190865,40849.948722503024
T1190866,27060.00860605425
T1190867,32063.26585993768
T1190868,37308.4921718436
T1190869,62231.475540691164
T1190870,39330.467015218215
T1190871,62391.86744121052
T1190872,45688.29275009837
T1190873,42126.96063620736
T1190874,37855.72407598024
T1190875,34315.32672661237
T1190876,51712.77268355904
T1190877,66129.98646540866
T1190878,42620.26544442127
T1190879,36860.73670884159
T1190880,41509.77156840393
T1190881,41253.835057231445
T1190882,31138.5357358706
T1190883,28727.204305287112
T1190884,41939.22266252809
T1190885,28990.39235512331
T1190886,41520.31940658821
T1190887,42987.231648803376
T1190888,50351.3003330906
T1190889,37330.20289981641
T1190890,43221.23789044535
T1190891,61164.36431699984
T1190892,56816.30960091887
T1190893,44900.33311992595
T1190894,35121.49647261662
T1190895,32846.64466502187
T1190896,56551.801445577876
T1190897,43141.99575580933
T1190898,56277.84554049594
T1190899,64104.12063145301
T1190900,35163.2871594503
T1190901,39940.22258478098
T1190902,41509.14245598314
T1190903,37931.30946270606
T1190904,42670.40950427501
T1190905,29608.58239626253
T1190906,40731.34205118441
T1190907,67088.0817899857
T1190908,43427.578257425186
T1190909,63829.363389470775
T1190910,40444.327404444986
T1190911,32026.324291242723
T1190912,42707.421646415176
T1190913,40543.182822945215
T1190914,35687.30518847894
T1190915,47200.01867303462
T1190916,47891.727785624964
T1190917,28933.3769999031
T1190918,54211.69484653732
T1190919,29705.55849538862
T1190920,41693.00980408669
T1190921,56981.763426083795
T1190922,43626.48344195737
T1190923,47911.797791777135
T1190924,34179.83820259309
T1190925,35210.3581478939
T1190926,42937.08909503954
T1190927,72315.49844595134
T1190928,37936.17011264042
T1190929,56399.795461648486
T1190930,47054.40374807093
T1190931,66128.2473528934
T1190932,44546.03619658626
T1190933,44066.41572730795
T1190934,44218.08944550652
T1190935,32624.157601362556
T1190936,43141.99575580933
T1190937,42983.51748344561
T1190938,56290.00067196781
T1190939,64079.50004535944
T1190940,56452.22287780338
T1190941,47479.91286720188
T1190942,53402.648000421665
T1190943,66792.24850996763
T1190944,31457.98375026834
T1190945,35007.728110330376
T1190946,29423.846358417646
T1190947,34477.664424015726
T1190948,52932.63711434087
T1190949,64731.61887478373
T1190950,42787.72227477593
T1190951,47479.91286720188
T1190952,42711.37574470142
T1190953,67762.29832902891
T1190954,44175.50980448197
T1190955,46388.43805417478
T1190956,34359.8004031753
T1190957,37931.30946270606
T1190958,46961.61688287296
T1190959,37587.968817221816
T1190960,34769.656789242414
T1190961,48235.04973177418
T1190962,37978.77739832886
T1190963,32940.857069346246
T1190964,31993.42856214798
T1190965,36651.686843585754
T1190966,55564.74443639956
T1190967,66141.96294931154
T1190968,53143.59073872635
T1190969,34157.728405507914
T1190970,34526.25098949347
T1190971,23841.693598543236
T1190972,43027.21772446199
T1190973,39091.46815285866
T1190974,44034.6580111355
T1190975,66062.46338126749
T1190976,42202.86483415335
T1190977,42787.72227477593
T1190978,41274.88392378306
T1190979,54211.69484653732
T1190980,44082.58995059238
T1190981,53980.83913444946
T1190982,33264.12700460595
T1190983,64351.72979981696
T1190984,43498.1825374419
T1190985,67762.29832902891
T1190986,44806.989385047
T1190987,39605.916556207856
T1190988,42073.9415041501
T1190989,29417.876562690548
T1190990,36413.478195377174
T1190991,44034.6580111355
T1190992,55166.77408191026
T1190993,42604.60164522548
T1190994,38492.2016326218
T1190995,37697.590782762614
T1190996,33013.68793089066
T1190997,40003.879338561535
T1190998,42202.86483415335
T1190999,48437.59151174964
T1191000,54684.78951156661
T1191001,63433.91702824293
T1191002,35106.136167803175
T1191003,54199.61474018065
T1191004,34208.854275033635
T1191005,33946.969298694
T1191006,44644.27903233417
T1191007,62984.14382170168
T1191008,56452.22287780338
T1191009,56150.96806404638
T1191010,37688.87724852419
T1191011,63630.87411521172
T1191012,57819.088030194194
T1191013,41305.74154637484
T1191014,66508.37781088799
T1191015,47200.01867303462
T1191016,43065.227009929855
T1191017,47646.87392314655
T1191018,64555.954361328215
T1191019,40151.389804543694
T1191020,54413.66576303509
T1191021,43376.31655291194
T1191022,43707.408868288374
T1191023,66393.17707575075
T1191024,56082.05242631989
T1191025,43121.307988236935
T1191026,34333.563176801865
T1191027,36463.90335872608
T1191028,33990.040569718476
T1191029,41905.80864786344
T1191030,46841.70870518707
T1191031,47911.79665117004
T1191032,44291.37797828946
T1191033,43668.53788303341
T1191034,28696.492693975273
T1191035,40011.65637921774
T1191036,43292.07887296156
T1191037,42630.02467189949
T1191038,57167.60375567403
T1191039,40412.964844778915
T1191040,47052.16199356961
T1191041,27923.650946228507
T1191042,31928.01196056724
T1191043,47154.936802950404
T1191044,53294.8642439738
T1191045,40020.802254734066
T1191046,40101.952122117174
T1191047,56432.16811410201
T1191048,42446.49558522916
T1191049,44226.29109784924
T1191050,71031.91458541932
T1191051,34548.55495846736
T1191052,38021.993532590146
T1191053,29802.571194966116
T1191054,47847.21391693764
T1191055,47891.727785624964
T1191056,54318.38235147829
T1191057,28696.492693975273
T1191058,44617.34411406288
T1191059,43203.99863952922
T1191060,64221.94022149191
T1191061,55056.914585425264
T1191062,65226.447963823455
T1191063,48257.797203737595
T1191064,28745.650857360724
T1191065,40268.35565529099
T1191066,67762.29832902891
T1191067,44066.41572730795
T1191068,57260.43429936688
T1191069,43141.99575580933
T1191070,64221.94022149191
T1191071,58222.99263230796
T1191072,28898.56818884531
T1191073,44034.6580111355
T1191074,33121.46746179888
T1191075,45343.419126191584
T1191076,40802.29039704253
T1191077,37045.79901373824
T1191078,44000.172509304466
T1191079,36381.83577002399
T1191080,53496.08900742218
T1191081,46941.62655098952
T1191082,68215.22846834398
T1191083,45886.16282775212
T1191084,43065.227009929855
T1191085,43335.336338463276
T1191086,43121.307988236935
T1191087,29585.765480278584
T1191088,56694.15492754016
T1191089,42270.492661321114
T1191090,42976.08194932779
T1191091,43299.36700896142
T1191092,47803.29976051118
T1191093,40974.60132372422
T1191094,43024.87920847273
T1191095,64697.78202995197
T1191096,43545.20500820289
T1191097,34685.75548413323
T1191098,30039.379858051565
T1191099,47776.10187094091
T1191100,43068.0425160411
T1191101,40237.114884100214
T1191102,63837.769465224716
T1191103,78586.70957161974
T1191104,43024.87920847273
T1191105,58875.13227701484
T1191106,44617.34411406288
T1191107,54069.35118423645
T1191108,46067.315105160575
T1191109,37837.49213816814
T1191110,72315.49844595134
T1191111,41086.35983184324
T1191112,44210.210763229705
T1191113,53264.798610278354
T1191114,64295.33700515718
T1191115,66293.60001238121
T1191116,63770.72177671258
T1191117,39239.60246058172
T1191118,47564.87534269478
T1191119,44218.08944550652
T1191120,57745.86050370427
T1191121,55124.00016559645
T1191122,56034.95619356444
T1191123,46772.94250417444
T1191124,55806.47566329005
T1191125,39300.760573203705
T1191126,41843.6120530287
T1191127,39022.50965230595
T1191128,67088.0817899857
T1191129,66128.2473528934
T1191130,53177.918698997106
T1191131,42937.08909503954
T1191132,62799.37457658614
T1191133,43376.31655291194
T1191134,77300.76408636618
T1191135,51860.84417592795
T1191136,46662.906994651916
T1191137,56684.05497978199
T1191138,35379.65331850143
T1191139,55102.3037497157
T1191140,35141.14018311103
T1191141,65297.85993128275
T1191142,36567.92427241012
T1191143,33074.86917731924
T1191144,52854.11338712858
T1191145,43244.11889273167
T1191146,47507.89281547586
T1191147,42202.86483415335
T1191148,27289.068872207452
T1191149,38452.012394007696
T1191150,40541.791727033225
T1191151,54801.31908174521
T1191152,29631.412877782917
T1191153,65053.5376356643
T1191154,36155.14723525571
T1191155,55654.69254687835
T1191156,76532.03223720766
T1191157,43708.204390296465
T1191158,43495.61136939231
T1191159,55607.17125370426
T1191160,31619.856217392906
T1191161,28591.901668998704
T1191162,57205.588089854944
T1191163,40529.83960855084
T1191164,34157.728405507914
T1191165,41191.352596114346
T1191166,28762.183442626414
T1191167,43584.61981044688
T1191168,36105.289286348205
T1191169,80409.37041371025
T1191170,44151.33842624025
T1191171,43904.57285338732
T1191172,43027.21772446199
T1191173,54318.38235147829
T1191174,33074.86917731924
T1191175,44825.79871349026
T1191176,29236.031765255382
T1191177,43121.307988236935
T1191178,37911.863069777355
T1191179,44662.32509165374
T1191180,45765.01480676126
T1191181,47265.36496572076
T1191182,64649.542788167244
T1191183,28494.760755137795
T1191184,34240.41585085584
T1191185,39792.77277416703
T1191186,54939.440386380855
T1191187,33602.076701714126
T1191188,42585.7575437529
T1191189,34404.296541262825
T1191190,66426.83376117505
T1191191,56715.78007825932
T1191192,36229.81884195353
T1191193,32210.682789950526
T1191194,39864.0660390082
T1191195,53058.635135384524
T1191196,42855.50921358624
T1191197,42564.484339646864
T1191198,34347.65668407728
T1191199,64079.50004535944
T1191200,43622.677761888815
T1191201,44572.77967336776
T1191202,42855.50921358624
T1191203,42192.34719725934
T1191204,31497.863087573784
T1191205,53312.62749977419
T1191206,42252.77528688208
T1191207,43293.58472356338
T1191208,54218.302462499734
T1191209,57175.500950669
T1191210,43571.9192424044
T1191211,66050.21667123771
T1191212,29036.20784532686
T1191213,34509.00853216642
T1191214,33025.306997060026
T1191215,43584.61981044688
T1191216,40151.389804543694
T1191217,74589.62842846854
T1191218,37151.77078847606
T1191219,40838.0548463579
T1191220,27382.346550794675
T1191221,38021.993532590146
T1191222,45079.48983372342
T1191223,66514.84999743456
T1191224,68101.15991915384
T1191225,68533.57734429905
T1191226,43473.17079739048
T1191227,63630.87411521172
T1191228,27509.96727823186
T1191229,68127.64484486253
T1191230,55401.18391245551
T1191231,32431.949207428723
T1191232,54727.70315490738
T1191233,36268.4448651119
T1191234,54769.871349034016
T1191235,68621.43846628148
T1191236,62465.279069097596
T1191237,41783.26544633323
T1191238,42079.721907441446
T1191239,63897.074488666454
T1191240,43473.17079739048
T1191241,63770.72177671258
T1191242,36442.538541811875
T1191243,44699.483119335266
T1191244,28772.929705184506
T1191245,43545.20500820289
T1191246,47917.569901332216
T1191247,53036.4267609437
T1191248,44876.93506831292
T1191249,43058.593016614184
T1191250,64475.782457514986
T1191251,29788.803574932004
T1191252,28127.817060251808
T1191253,42079.721907441446
T1191254,40804.778244400906
T1191255,42976.08194932779
T1191256,36674.51730277931
T1191257,38995.47465884665
T1191258,44805.72570488159
T1191259,57488.58779826121
T1191260,41783.26544633323
T1191261,38544.75527574388
T1191262,43721.231326222834
T1191263,28554.00680133691
T1191264,40529.97440488342
T1191265,36083.39644296015
T1191266,54646.09524557368
T1191267,37621.29309777728
T1191268,40514.1828040129
T1191269,64405.44331476717
T1191270,56968.89706582551
T1191271,33178.91979272121
T1191272,47487.85720712109
T1191273,63937.59862378847
T1191274,38040.09790163733
T1191275,37074.11466834258
T1191276,34433.41609564406
T1191277,35935.182529542224
T1191278,44326.68099196241
T1191279,42273.27258667138
T1191280,44541.53772303909
T1191281,45128.77329915029
T1191282,66169.39530518028
T1191283,40143.360403957726
T1191284,23287.67990000177
T1191285,45079.551448888495
T1191286,27755.791795549656
T1191287,63268.05166435935
T1191288,37802.76090759398
T1191289,54808.128009697284
T1191290,42835.37541165314
T1191291,40133.32751044399
T1191292,35410.285889372
T1191293,64097.34886762026
T1191294,47771.10838141409
T1191295,44932.463590787935
T1191296,40401.167540217786
T1191297,66103.58952835757
T1191298,35340.858763352306
T1191299,56859.27081642341
T1191300,29724.444599947732
T1191301,54808.128009697284
T1191302,44536.083329195724
T1191303,43927.63541525711
T1191304,68445.93619344207
T1191305,58208.08929435317
T1191306,35021.36485680808
T1191307,34443.46162809648
T1191308,45946.59460991524
T1191309,30802.415445578234
T1191310,54966.43624610836
T1191311,55315.1078312451
T1191312,27899.32878631591
T1191313,57244.53177256489
T1191314,35251.53134025452
T1191315,48005.54505781957
T1191316,40557.32491799943
T1191317,37720.214228635334
T1191318,53682.22718179499
T1191319,35261.693727556616
T1191320,43516.07475140583
T1191321,53900.186860747715
T1191322,27387.356717221366
T1191323,41230.96116827121
T1191324,75437.39345010983
T1191325,43816.17695564668
T1191326,56509.39816605555
T1191327,29291.970902946796
T1191328,56743.75991311615
T1191329,39924.1185872852
T1191330,34356.727873227974
T1191331,45149.723358935036
T1191332,33162.93813769797
T1191333,31936.144343323453
T1191334,29196.259844034106
T1191335,35165.21117075098
T1191336,34548.78199650578
T1191337,56006.22966387443
T1191338,40762.88221087421
T1191339,67736.69490131672
T1191340,41864.28439932767
T1191341,42825.45014300944
T1191342,63937.59862378847
T1191343,63898.41582229436
T1191344,36206.106239730165
T1191345,32583.348487679214
T1191346,55902.72404437403
T1191347,43810.98726797316
T1191348,30023.45842432373
T1191349,37293.483728007166
T1191350,45540.508823998556
T1191351,31311.574556873253
T1191352,39368.34800096225
T1191353,72809.59672296139
T1191354,47747.250977980366
T1191355,40777.89424659922
T1191356,33347.23786524775
T1191357,48805.73863204646
T1191358,54878.208017619465
T1191359,40950.15034316538
T1191360,48701.65780061672
T1191361,57051.03982379871
T1191362,34699.372403862806
T1191363,35914.137919335575
T1191364,36633.64796261222
T1191365,32033.263766627293
T1191366,39903.44856040607
T1191367,29444.70225086375
T1191368,42901.566302867875
T1191369,66169.39530518028
T1191370,62628.14516090239
T1191371,67049.7258636585
T1191372,43161.26010668326
T1191373,29220.13394264547
T1191374,31600.274830195376
T1191375,40473.25550218792
T1191376,54552.16439537866
T1191377,57510.55443009748
T1191378,44403.96301586954
T1191379,27674.801919399735
T1191380,36244.92952035465
T1191381,29255.33513049671
T1191382,56359.8053249965
T1191383,43257.406535918984
T1191384,56963.39119279374
T1191385,56830.78969725022
T1191386,44557.68213013834
T1191387,42869.849776490184
T1191388,39244.743441835606
T1191389,53680.94998558888
T1191390,42757.73946716246
T1191391,54536.88738435309
T1191392,27650.758680638937
T1191393,37516.85257323828
T1191394,32779.83717149323
T1191395,34105.27753947122
T1191396,36259.8672954328
T1191397,54557.08135975236
T1191398,39974.84732944855
T1191399,48419.3010069205
T1191400,63596.02465580027
T1191401,40133.32751044399
T1191402,43911.457401495245
T1191403,48037.83644035708
T1191404,64652.354153427346
T1191405,77362.35767408606
T1191406,63422.27808356328
T1191407,41142.34128220335
T1191408,39504.98316036985
T1191409,56522.309883350536
T1191410,42065.76935877819
T1191411,33254.23022423196
T1191412,66003.80631344649
T1191413,30930.668214109897
T1191414,31996.821171030217
T1191415,36297.136372117064
T1191416,47042.4142763719
T1191417,37217.27006250358
T1191418,44919.56860513696
T1191419,53797.81565451002
T1191420,52241.52043036053
T1191421,65353.726776851036
T1191422,55335.949271638936
T1191423,48419.77719449823
T1191424,36875.18803572866
T1191425,36648.67084823642
T1191426,45383.37509504889
T1191427,55335.984567522864
T1191428,43278.76968433746
T1191429,45756.666633534864
T1191430,43376.87751057819
T1191431,34885.91670800599
T1191432,29685.119913595678
T1191433,64922.8227686357
T1191434,63879.18073678168
T1191435,48330.830947736584
T1191436,43334.357490552706
T1191437,28919.61314882503
T1191438,32880.23584397442
T1191439,57623.27866606545
T1191440,47588.19010736346
T1191441,34684.71256836621
T1191442,53430.17373131219
T1191443,42128.14156253371
T1191444,36206.106239730165
T1191445,47730.944711888325
T1191446,23341.166976671688
T1191447,43765.298601628
T1191448,34545.62801512445
T1191449,55465.40635027491
T1191450,44874.8435931762
T1191451,33397.98630832744
T1191452,58861.24510577054
T1191453,64613.84259461123
T1191454,43476.55757714419
T1191455,45655.19087652652
T1191456,36867.16798699246
T1191457,37856.852373765854
T1191458,38313.93090727921
T1191459,33922.197595250225
T1191460,30400.07618774376
T1191461,28076.40430658935
T1191462,64212.7861493562
T1191463,64212.7861493562
T1191464,47462.9695546374
T1191465,44095.33711728578
T1191466,29394.13576384264
T1191467,36472.11360906922
T1191468,57566.72164924856
T1191469,61255.51554004924
T1191470,32904.3199563489
T1191471,55635.32545644742
T1191472,28226.58210060593
T1191473,46634.77080111696
T1191474,26786.41913132715
T1191475,27967.561677680296
T1191476,43282.49047632976
T1191477,42452.55670660898
T1191478,31316.15111380762
T1191479,43761.23258435688
T1191480,56859.27081642341
T1191481,44286.927250720124
T1191482,36282.19042027752
T1191483,47580.36434755993
T1191484,54750.96081560555
T1191485,43376.87751057819
T1191486,27447.735258431538
T1191487,35935.182529542224
T1191488,28905.23938412216
T1191489,53867.54697452553
T1191490,23587.319557432846
T1191491,38001.67605111854
T1191492,48871.62124301477
T1191493,43208.75116625598
T1191494,67049.7258636585
T1191495,34121.339614038814
T1191496,68084.62883677098
T1191497,38015.75540735606
T1191498,55567.36117886193
T1191499,56428.90249999846
T1191500,47771.10838141409
T1191501,41341.16227051584
T1191502,39852.76811353054
T1191503,34345.09772628058
T1191504,36737.926347209606
T1191505,28824.62031543826
T1191506,47354.65113117892
T1191507,42306.096269154776
T1191508,44971.69715133633
T1191509,47622.30079644392
T1191510,24070.378507785674
T1191511,44286.927250720124
T1191512,47978.291505337795
T1191513,66407.28739767436
T1191514,36595.433893785994
T1191515,31974.114641349744
T1191516,23899.33376721022
T1191517,67790.52326456351
T1191518,27711.356363480452
T1191519,66292.18000085425
T1191520,30299.920118361653
T1191521,43903.44754623432
T1191522,68498.56496323246
T1191523,82256.39555684406
T1191524,44470.917127897155
T1191525,28713.71896777722
T1191526,42306.096269154776
T1191527,36297.5316699907
T1191528,24000.33520904229
T1191529,80162.99011909023
T1191530,54533.41546222662
T1191531,55487.31481341453
T1191532,64030.15844422773
T1191533,64405.44331476717
T1191534,35336.0428236011
T1191535,45281.68245771834
T1191536,48390.74739659889
T1191537,39285.9956930602
T1191538,29030.72168202241
T1191539,48005.54505781957
T1191540,68137.10947344013
T1191541,43588.58779534789
T1191542,36393.157583719905
T1191543,57942.95101017677
T1191544,57714.84448694942
T1191545,37217.27006250358
T1191546,56691.31147361135
T1191547,56988.60046318255
T1191548,48419.77719449823
T1191549,35935.182529542224
T1191550,39201.39391975816
T1191551,40216.77778773931
T1191552,43426.24361742986
T1191553,38082.7673037396
T1191554,58114.64296081277
T1191555,32196.08712711914
T1191556,55694.418224320056
T1191557,32316.32711677945
T1191558,38819.571440356594
T1191559,41615.52330443324
T1191560,66053.90367605569
T1191561,66192.6836781399
T1191562,39304.62674654043
T1191563,64535.43020160848
T1191564,29876.678728651008
T1191565,42901.566302867875
T1191566,34764.22482105261
T1191567,36648.67084823642
T1191568,35174.21256922323
T1191569,40002.77127811383
T1191570,36831.18636378108
T1191571,38042.701723988896
T1191572,28748.110148006344
T1191573,44035.53442220799
T1191574,35472.14879931439
T1191575,35973.97928163214
T1191576,41289.07062334844
T1191577,55953.881986291424
T1191578,65231.679165208116
T1191579,38042.701723988896
T1191580,35586.1135834947
T1191581,47968.47566349116
T1191582,42306.096269154776
T1191583,39551.49458072098
T1191584,44801.86909288347
T1191585,56106.454976842644
T1191586,55040.1679578529
T1191587,42798.30423371126
T1191588,66753.98277840322
T1191589,46017.80429506388
T1191590,37297.64132365771
T1191591,43995.70992894498
T1191592,54903.284989793
T1191593,29437.243776521987
T1191594,35935.182529542224
T1191595,56361.9603065166
T1191596,66739.74022728745
T1191597,36751.57265700722
T1191598,44964.71157882412
T1191599,29775.574445389033
T1191600,43911.457401495245
T1191601,65282.282263873036
T1191602,66531.2081608894
T1191603,31332.805423108137
T1191604,54919.6605839194
T1191605,44428.20795310305
T1191606,68059.19167586319
T1191607,34885.91670800599
T1191608,42169.540972259885
T1191609,31402.846357089027
T1191610,33930.35224716251
T1191611,53433.22189960343
T1191612,44328.66335233423
T1191613,56619.42058550409
T1191614,53344.968238737376
T1191615,43062.5732353395
T1191616,64920.24249558594
T1191617,43569.23350721817
T1191618,45513.642112691865
T1191619,64532.42685571781
T1191620,46703.74975906648
T1191621,30654.631545565004
T1191622,39165.43630731172
T1191623,27354.338908623406
T1191624,43334.357490552706
T1191625,36054.9691052637
T1191626,66753.98277840322
T1191627,35410.285889372
T1191628,40133.32751044399
T1191629,64856.60675428127
T1191630,37630.08675055104
T1191631,31402.846357089027
T1191632,46152.604262394256
T1191633,66103.58952835757
T1191634,32492.238734054525
T1191635,28748.110148006344
T1191636,46381.56360069981
T1191637,47622.30079644392
T1191638,56852.83605587365
T1191639,31600.274830195376
T1191640,29437.243776521987
T1191641,28504.50377882224
T1191642,55635.32545644742
T1191643,48037.83644035708
T1191644,32690.717094218842
T1191645,35724.821461101565
T1191646,66169.39530518028
T1191647,43062.5732353395
T1191648,38001.67605111854
T1191649,29255.33513049671
T1191650,39718.122471558156
T1191651,53849.68546628928
T1191652,23968.14554272677
T1191653,43765.298601628
T1191654,47771.10838141409
T1191655,36283.62224041815
T1191656,34359.193755061206
T1191657,43334.357490552706
T1191658,35914.137919335575
T1191659,53433.22189960343
T1191660,31003.01675059296
T1191661,33922.197595250225
T1191662,48333.49051929791
T1191663,43528.15629210983
T1191664,44095.33711728578
T1191665,39376.47375654161
T1191666,37013.34594308802
T1191667,57510.55443009748
T1191668,22668.445979016986
T1191669,43158.602568550785
T1191670,31454.552980084132
T1191671,33004.79438782023
T1191672,33456.049255281694
T1191673,36787.58332043026
T1191674,40401.167540217786
T1191675,39156.13378913993
T1191676,46022.34333458842
T1191677,69189.45033784135
T1191678,54155.65569139773
T1191679,45969.49775707779
T1191680,45488.028978120725
T1191681,72764.6394960564
T1191682,33254.23022423196
T1191683,23296.635234836685
T1191684,56522.309883350536
T1191685,37163.05439375451
T1191686,66509.97433536108
T1191687,57051.03982379871
T1191688,42169.540972259885
T1191689,65282.282263873036
T1191690,54910.66603292943
T1191691,63438.30942094467
T1191692,62883.58845724291
T1191693,41954.73724083555
T1191694,54919.6605839194
T1191695,56988.60046318255
T1191696,22401.784198627825
T1191697,68445.93619344207
T1191698,34699.372403862806
T1191699,36393.157583719905
T1191700,65353.726776851036
T1191701,64532.42685571781
T1191702,45804.820263336806
T1191703,67736.69490131672
T1191704,27674.801919399735
T1191705,27956.318800769306
T1191706,42169.540972259885
T1191707,22952.850863038962
T1191708,46634.77080111696
T1191709,47588.19010736346
T1191710,36482.841644053675
T1191711,36904.90557707596
T1191712,48419.77719449823
T1191713,78282.11920079381
T1191714,29876.678728651008
T1191715,43257.406535918984
T1191716,65231.679165208116
T1191717,44330.382588475964
T1191718,47397.91214185686
T1191719,38504.53681287111
T1191720,35256.34114177694
T1191721,44035.53442220799
T1191722,43323.444070762365
T1191723,56160.37608665942
T1191724,46017.80429506388
T1191725,56106.454976842644
T1191726,35115.60933705301
T1191727,44395.16943947593
T1191728,38719.94061284957
T1191729,37297.64132365771
T1191730,28748.110148006344
T1191731,44919.56860513696
T1191732,57051.03982379871
T1191733,53797.81565451002
T1191734,31840.912087061835
T1191735,55694.418224320056
T1191736,58114.64296081277
T1191737,48032.02062624561
T1191738,47152.92529330343
T1191739,43871.88540795724
T1191740,66192.6836781399
T1191741,43738.71911316086
T1191742,41142.34128220335
T1191743,31936.144343323453
T1191744,43761.23258435688
T1191745,38026.84320773879
T1191746,48285.55349635331
T1191747,40557.32491799943
T1191748,43376.87751057819
T1191749,39887.094836644574
T1191750,42358.83362118689
T1191751,31180.634980110564
T1191752,57610.195923898755
T1191753,45756.666633534864
T1191754,53682.22718179499
T1191755,43278.76968433746
T1191756,54151.27833201679
T1191757,36316.056148810174
T1191758,57425.19757269397
T1191759,39003.32362396053
T1191760,46274.1244657817
T1191761,29107.439227422085
T1191762,47771.10838141409
T1191763,37907.2053414724
T1191764,29220.13394264547
T1191765,36682.06967107531
T1191766,43738.71911316086
T1191767,27711.356363480452
T1191768,44971.69715133633
T1191769,43995.70992894498
T1191770,57244.53177256489
T1191771,64762.85873060864
T1191772,67790.52326456351
T1191773,29862.892882459215
T1191774,42437.143105828545
T1191775,47986.88856500625
T1191776,31200.329927997165
T1191777,43231.19328641406
T1191778,66531.2081608894
T1191779,36249.86261633595
T1191780,28905.23938412216
T1191781,53163.33436292024
T1191782,28919.61314882503
T1191783,34105.27753947122
T1191784,45836.7558416297
T1191785,36083.39644296015
T1191786,33759.987533217565
T1191787,48330.830947736584
T1191788,36094.216208338294
T1191789,32880.23584397442
T1191790,54349.36745913468
T1191791,43483.86223819527
T1191792,58861.24510577054
T1191793,40836.3486746658
T1191794,36368.08179196867
T1191795,54132.71441653871
T1191796,66325.8094090283
T1191797,33229.17501937083
T1191798,30400.07618774376
T1191799,55152.42008990371
T1191800,47733.44843889888
T1191801,39003.32362396053
T1191802,36011.48522778281
T1191803,37074.11466834258
T1191804,29685.119913595678
T1191805,41954.73724083555
T1191806,47968.47566349116
T1191807,42901.566302867875
T1191808,40143.360403957726
T1191809,59048.6915774226
T1191810,29168.88239326859
T1191811,56963.39119279374
T1191812,57487.43071318792
T1191813,36532.8607476815
T1191814,63937.59862378847
T1191815,47462.9695546374
T1191816,47487.85720712109
T1191817,45155.365614331575
T1191818,36867.16798699246
T1191819,45149.723358935036
T1191820,55322.99249169882
T1191821,54349.36745913468
T1191822,37043.64842046219
T1191823,28868.116260547376
T1191824,43612.3639793392
T1191825,38313.93090727921
T1191826,32033.263766627293
T1191827,42273.27258667138
T1191828,29075.745490416157
T1191829,44948.68330992831
T1191830,54646.09524557368
T1191831,43062.5732353395
T1191832,31449.32689845987
T1191833,43816.17695564668
T1191834,47778.48581335465
T1191835,75391.57900276022
T1191836,54469.42813039026
T1191837,29904.10163773054
T1191838,64405.44331476717
T1191839,36595.433893785994
T1191840,44907.93200998831
T1191841,36904.90557707596
T1191842,29746.351297981397
T1191843,39359.031734645156
T1191844,47747.250977980366
T1191845,53680.94998558888
T1191846,48631.68036018739
T1191847,36737.926347209606
T1191848,33840.06416195859
T1191849,31903.476990267813
T1191850,42825.45014300944
T1191851,33352.687014981224
T1191852,56428.90249999846
T1191853,37297.64132365771
T1191854,33347.23786524775
T1191855,57942.95101017677
T1191856,43376.87751057819
T1191857,39432.74496092235
T1191858,28713.71896777722
T1191859,45756.666633534864
T1191860,29030.72168202241
T1191861,47511.05355824233
T1191862,56830.78969725022
T1191863,54750.96081560555
T1191864,48627.89192425741
T1191865,35973.97928163214
T1191866,43569.23350721817
T1191867,35482.32130102518
T1191868,34531.533546104496
T1191869,35678.489276456094
T1191870,33065.24357527086
T1191871,34454.585477937726
T1191872,32196.08712711914
T1191873,43334.357490552706
T1191874,31556.353591817486
T1191875,34548.78199650578
T1191876,32896.42450125532
T1191877,29431.725697877744
T1191878,32583.348487679214
T1191879,36831.18636378108
T1191880,63937.59862378847
T1191881,34150.32922973538
T1191882,36239.289673449035
T1191883,44541.53772303909
T1191884,33310.819613241605
T1191885,35643.66314944193
T1191886,45540.508823998556
T1191887,40813.647306619605
T1191888,56006.22966387443
T1191889,54410.22882040787
T1191890,42694.109183545916
T1191891,43995.70992894498
T1191892,48020.420126979676
T1191893,67736.69490131672
T1191894,42965.65007320586
T1191895,35172.263487582786
T1191896,36539.123450840125
T1191897,28184.743989480303
T1191898,35174.21256922323
T1191899,37801.404383164816
T1191900,43282.49047632976
T1191901,56743.75991311615
T1191902,43208.75116625598
T1191903,56968.89706582551
T1191904,66292.18000085425
T1191905,43158.602568550785
T1191906,31916.647064357123
T1191907,44919.56860513696
T1191908,47893.31186425095
T1191909,39924.1185872852
T1191910,37969.949020082044
T1191911,29351.777810654254
T1191912,40529.97440488342
T1191913,33162.93813769797
T1191914,37035.35057290598
T1191915,37205.64843836622
T1191916,44470.917127897155
T1191917,24105.30024883948
T1191918,68059.19167586319
T1191919,23027.973967354053
T1191920,41864.28439932767
T1191921,37736.155381404074
T1191922,55405.151475527164
T1191923,31936.144343323453
T1191924,36282.19042027752
T1191925,29669.427096502717
T1191926,55720.34749864781
T1191927,35551.97893843735
T1191928,36161.41719422193
T1191929,35401.702909058644
T1191930,39273.093807714766
T1191931,45594.5106214198
T1191932,32583.348487679214
T1191933,35256.34114177694
T1191934,43588.58779534789
T1191935,31769.008132008956
T1191936,33930.35224716251
T1191937,33683.355683773996
T1191938,63898.41582229436
T1191939,40080.59631463039
T1191940,33671.994121633965
T1191941,47733.44843889888
T1191942,45281.68245771834
T1191943,36854.54437690558
T1191944,46045.4451447969
T1191945,32033.263766627293
T1191946,36633.64796261222
T1191947,47531.172676341055
T1191948,38313.93090727921
T1191949,45472.92729769389
T1191950,36243.740866618304
T1191951,46908.922113486784
T1191952,45391.28195954059
T1191953,67049.7258636585
T1191954,34105.27753947122
T1191955,43282.49047632976
T1191956,36751.57265700722
T1191957,68155.84345785329
T1191958,24000.33520904229
T1191959,64149.943053106195
T1191960,43231.19328641406
T1191961,56359.8053249965
T1191962,27387.356717221366
T1191963,53517.2728326574
T1191964,39960.15015293827
T1191965,53346.214635875986
T1191966,35256.34114177694
T1191967,44874.8435931762
T1191968,29444.70225086375
T1191969,53797.41330759197
T1191970,44801.86909288347
T1191971,33227.71558014913
T1191972,47580.36434755993
T1191973,27447.735258431538
T1191974,32028.94808785389
T1191975,48871.62124301477
T1191976,64097.34886762026
T1191977,32510.32526010432
T1191978,35963.19254313233
T1191979,40155.92697505869
T1191980,31177.40080085564
T1191981,35935.182529542224
T1191982,54536.88738435309
T1191983,44395.16943947593
T1191984,72764.6394960564
T1191985,32610.51314442665
T1191986,58036.79845726802
T1191987,71151.53038593337
T1191988,33178.91979272121
T1191989,42613.514926424665
T1191990,35340.858763352306
T1191991,61312.34698978267
T1191992,43228.05111453786
T1191993,31540.319908118745
T1191994,40103.71428962833
T1191995,26892.587776227774
T1191996,34302.90364356755
T1191997,35234.49450108309
T1191998,41487.01755498967
T1191999,32641.723822768712
T1192000,43831.756344850124
T1192001,34897.52213541661
T1192002,28848.7649358122
T1192003,46528.5043594607
T1192004,33155.97156633814
T1192005,67771.31767515535
T1192006,44500.9695549688
T1192007,28912.220422291284
T1192008,31107.763172000286
T1192009,34670.696042199204
T1192010,53842.431325908015
T1192011,35709.08701084349
T1192012,28934.077482896144
T1192013,23650.933122361046
T1192014,54877.68121513911
T1192015,56335.80404264134
T1192016,36237.53678648112
T1192017,22865.08297857551
T1192018,36520.37844093554
T1192019,38057.42607047504
T1192020,27112.5289111712
T1192021,34541.752425157545
T1192022,32784.28678748295
T1192023,23533.553409367778
T1192024,43712.03479367616
T1192025,43351.096485462636
T1192026,35141.42335579737
T1192027,62891.94173467776
T1192028,54729.71678940301
T1192029,46648.101438538375
T1192030,34732.50633600241
T1192031,38113.82835935859
T1192032,45585.37408581021
T1192033,55392.257817873244
T1192034,66963.96015642953
T1192035,65182.940535081114
T1192036,55662.44617875854
T1192037,29128.43102745624
T1192038,39077.462001648324
T1192039,47064.97644151526
T1192040,52434.20604844987
T1192041,35692.99087505149
T1192042,35515.37558570676
T1192043,37038.86885278398
T1192044,42787.594214651865
T1192045,56626.51536515067
T1192046,44586.79542549691
T1192047,27554.34539929488
T1192048,33925.72572965468
T1192049,77677.19763817286
T1192050,43117.0889748834
T1192051,53394.52547617748
T1192052,35134.68233224683
T1192053,43478.721010992565
T1192054,46832.263820037595
T1192055,43188.808432272206
T1192056,41132.019892113174
T1192057,66963.96015642953
T1192058,32115.688992297502
T1192059,33112.438747922046
T1192060,54422.846204486435
T1192061,34241.15159990464
T1192062,52458.38568993539
T1192063,32896.13027484526
T1192064,22287.240398174537
T1192065,44171.046210996974
T1192066,31623.929527636847
T1192067,32842.25675396865
T1192068,22855.336536797695
T1192069,45418.75870746834
T1192070,52600.283975857084
T1192071,45083.2372486536
T1192072,38781.81779982304
T1192073,66963.96015642953
T1192074,37019.28299543299
T1192075,53913.74764443735
T1192076,41884.803891634074
T1192077,30900.419913903672
T1192078,45164.91898033944
T1192079,39205.18856371803
T1192080,46524.05493399992
T1192081,36769.82406110701
T1192082,56531.30454104265
T1192083,35153.20363162958
T1192084,39981.7290476923
T1192085,63124.39780806103
T1192086,38283.08045298504
T1192087,32657.57120906464
T1192088,36462.87275764044
T1192089,29273.137401485455
T1192090,38288.17337826862
T1192091,36570.44822374489
T1192092,63579.185479084204
T1192093,47260.12802022702
T1192094,57489.09878053666
T1192095,61222.074149111955
T1192096,65436.12749049834
T1192097,57000.69938417007
T1192098,32285.765618927886
T1192099,46964.55885101599
T1192100,38785.88970976423
T1192101,36096.474890750236
T1192102,36947.11779433066
T1192103,28716.013331903792
T1192104,36129.65450833977
T1192105,56385.562728019584
T1192106,58122.67117372354
T1192107,46618.60391183705
T1192108,46832.263820037595
T1192109,28245.711206472122
T1192110,42275.929588106774
T1192111,28495.912648832684
T1192112,43188.808432272206
T1192113,32829.88048361522
T1192114,45242.55571181007
T1192115,52972.147083241834
T1192116,28544.339991200704
T1192117,32163.575342770844
T1192118,44795.20023314219
T1192119,35666.899066626574
T1192120,37583.389116244594
T1192121,34816.353127204544
T1192122,46957.400591675694
T1192123,43712.03479367616
T1192124,37288.25855696007
T1192125,38549.91492143039
T1192126,42557.9632200393
T1192127,45800.361775650155
T1192128,34223.98513531393
T1192129,47071.1719004257
T1192130,42627.95340669111
T1192131,55813.790954758566
T1192132,55967.19888164507
T1192133,22556.453237609607
T1192134,41769.525875714724
T1192135,35946.70054478322
T1192136,27294.32088927462
T1192137,33739.500902136104
T1192138,28598.945914502652
T1192139,28311.117976652546
T1192140,45164.91898033944
T1192141,38288.17337826862
T1192142,42777.16968065693
T1192143,36158.59245297382
T1192144,47064.97644151526
T1192145,34611.731062503546
T1192146,44444.93098022969
T1192147,62738.46767894049
T1192148,46069.43178455457
T1192149,32685.68469740399
T1192150,65482.43732944058
T1192151,39404.42144675548
T1192152,35805.93417951644
T1192153,40311.188862393
T1192154,44559.935753343045
T1192155,52221.08469303742
T1192156,54227.29183308197
T1192157,35783.82217308524
T1192158,53303.04708827855
T1192159,62557.74843387368
T1192160,65449.0363994473
T1192161,38532.65844959084
T1192162,33242.078770834276
T1192163,37229.639749952345
T1192164,42163.581777758496
T1192165,42407.78096897336
T1192166,56094.775907896066
T1192167,31758.366745171694
T1192168,43046.50397103945
T1192169,53222.1998221738
T1192170,36084.43961685604
T1192171,45868.680797501314
T1192172,36448.170350615765
T1192173,28911.244591080536
T1192174,29845.070299113468
T1192175,22873.951392199055
T1192176,27829.510378973057
T1192177,57898.768113120415
T1192178,28551.778381854605
T1192179,36257.75286066513
T1192180,42627.95340669111
T1192181,34732.50633600241
T1192182,31105.25333438278
T1192183,46496.152325499184
T1192184,41487.01755498967
T1192185,29182.84537422314
T1192186,43035.8957822841
T1192187,35709.08701084349
T1192188,41962.64556993261
T1192189,54195.80746848965
T1192190,42678.86818866537
T1192191,42936.82510928929
T1192192,35930.84892844111
T1192193,43013.035664004725
T1192194,55961.2689301965
T1192195,36295.15697262825
T1192196,55246.560328894106
T1192197,42707.11640577933
T1192198,35632.37745567482
T1192199,47472.30485074962
T1192200,43139.43146671176
T1192201,37649.27329881788
T1192202,35539.37493499508
T1192203,22914.6621134545
T1192204,44780.221517309416
T1192205,52071.32815116613
T1192206,28422.282104571645
T1192207,53450.19616299524
T1192208,34861.128833354815
T1192209,33983.62579349197
T1192210,42531.682971534894
T1192211,31099.83256109399
T1192212,35515.37558570676
T1192213,53253.32944298754
T1192214,41805.18741904551
T1192215,32349.593516184264
T1192216,46918.89702280106
T1192217,47454.406077381616
T1192218,39546.37660039431
T1192219,56805.68581412687
T1192220,36402.639962261834
T1192221,44398.21569058153
T1192222,42320.02492158569
T1192223,49399.54411173789
T1192224,32628.2299532798
T1192225,67249.99790220676
T1192226,35009.20360355864
T1192227,29316.231097629276
T1192228,36520.37844093554
T1192229,55314.92734668072
T1192230,36071.94672235024
T1192231,31490.076041256318
T1192232,47436.88389733816
T1192233,47748.9780105764
T1192234,63730.676787363234
T1192235,32696.119955363305
T1192236,40807.93684628745
T1192237,43836.58528968754
T1192238,32084.571838082524
T1192239,44302.14732139
T1192240,32285.765618927886
T1192241,31159.210529220665
T1192242,39024.740550085844
T1192243,52734.893519588804
T1192244,43311.60296847542
T1192245,43117.0889748834
T1192246,42552.61351443838
T1192247,38740.770687240845
T1192248,45190.189096387156
T1192249,28667.79783496519
T1192250,45164.91898033944
T1192251,29363.129894367943
T1192252,53222.1998221738
T1192253,56584.5019814473
T1192254,36062.842604543315
T1192255,35860.55948160481
T1192256,45432.317349467754
T1192257,53303.04708827855
T1192258,39700.536745592886
T1192259,35895.352563247965
T1192260,36295.15697262825
T1192261,37368.63981629195
T1192262,55712.57601009026
T1192263,22995.24465084426
T1192264,35459.339679397024
T1192265,47746.71895020169
T1192266,45514.73833785564
T1192267,42754.65723296363
T1192268,27017.471769290805
T1192269,32524.06034054011
T1192270,23505.106096056134
T1192271,37182.24743017771
T1192272,47369.11569186144
T1192273,56335.80404264134
T1192274,42841.88311745395
T1192275,45183.075338559654
T1192276,70285.92834747252
T1192277,28939.99478525213
T1192278,47104.62888021576
T1192279,42864.09905964211
T1192280,76624.4570704222
T1192281,46255.30585151654
T1192282,26330.531497558844
T1192283,32383.28945845622
T1192284,35134.68233224683
T1192285,55556.51191271553
T1192286,32540.789602933164
T1192287,33035.978896327884
T1192288,35839.8273559323
T1192289,47468.69025812836
T1192290,39643.8507053654
T1192291,35971.11771973069
T1192292,30815.294693078333
T1192293,46005.30263196589
T1192294,65245.994239886626
T1192295,31138.16195919521
T1192296,29120.980973852616
T1192297,34732.50633600241
T1192298,30792.51674616271
T1192299,36020.569142186934
T1192300,35396.037541751015
T1192301,43544.524885277926
T1192302,42787.594214651865
T1192303,36171.14892982619
T1192304,66138.67278758663
T1192305,63031.4766094792
T1192306,38535.56219604385
T1192307,42701.633548778205
T1192308,40358.5079253241
T1192309,53363.281683335976
T1192310,42281.15126927387
T1192311,45380.934618320076
T1192312,52489.55896495361
T1192313,31758.366745171694
T1192314,34485.64171771652
T1192315,36505.85717857914
T1192316,46439.41393034146
T1192317,32124.140606422658
T1192318,44189.805912549265
T1192319,62738.46767894049
T1192320,55355.73258180051
T1192321,55326.55173696225
T1192322,23417.3293381162
T1192323,65350.21637195315
T1192324,65248.256652941935
T1192325,21913.516622263985
T1192326,67445.50262551956
T1192327,32223.6932746027
T1192328,43646.075964643176
T1192329,42619.672411038075
T1192330,40109.82242770068
T1192331,39327.51109030404
T1192332,47515.205581343194
T1192333,31289.00395194739
T1192334,64347.9223755635
T1192335,63239.47708984161
T1192336,62725.85664482344
T1192337,37337.90529956461
T1192338,45179.88593637299
T1192339,27377.845933458706
T1192340,35323.73741145135
T1192341,44275.32256263161
T1192342,36098.14216490368
T1192343,42619.672411038075
T1192344,22629.398085249042
T1192345,47269.50883215505
T1192346,28753.834067106753
T1192347,65845.07919651987
T1192348,46612.2680052608
T1192349,37152.7812101711
T1192350,43874.159219644906
T1192351,72430.75531383492
T1192352,64250.94381856611
T1192353,71539.51979108603
T1192354,53823.6160577478
T1192355,54308.58034409532
T1192356,50996.95781514703
T1192357,34315.41891481041
T1192358,60976.045071054956
T1192359,44792.03669873156
T1192360,39961.66862242352
T1192361,31560.881070178628
T1192362,28149.93093997032
T1192363,55925.924176411296
T1192364,61837.713569891625
T1192365,37123.7282517267
T1192366,44204.43002086215
T1192367,61566.767584723166
T1192368,21884.541142740327
T1192369,38433.20463127667
T1192370,33940.11513315017
T1192371,37996.017108183936
T1192372,64893.2462343138
T1192373,43895.248515385734
T1192374,45356.13374654172
T1192375,28812.40683366829
T1192376,53591.117537211976
T1192377,45961.6209625593
T1192378,52161.77910833997
T1192379,31794.72316086937
T1192380,36002.68037337809
T1192381,31058.25452119554
T1192382,42406.481979364406
T1192383,38899.96744765851
T1192384,34996.76622536041
T1192385,35362.35267487538
T1192386,35584.263878881924
T1192387,31651.873660521098
T1192388,38694.65414764537
T1192389,69839.36615913906
T1192390,32207.609744269754
T1192391,45465.70539064667
T1192392,37840.72881335479
T1192393,27765.376864126185
T1192394,41904.393545063074
T1192395,34309.03957657473
T1192396,34685.25837921298
T1192397,38765.27931492513
T1192398,43434.385509440435
T1192399,51557.33640915336
T1192400,54120.224057223524
T1192401,57298.31359802786
T1192402,42900.142574999685
T1192403,32649.76836034004
T1192404,41813.414178985244
T1192405,53474.659201880146
T1192406,43948.720360762105
T1192407,35052.72212663658
T1192408,46316.85287528801
T1192409,35339.12474151927
T1192410,27225.552533144233
T1192411,28358.263232638434
T1192412,43027.22182652436
T1192413,23612.1657783817
T1192414,53635.319028060054
T1192415,33513.893038815484
T1192416,22635.026852427705
T1192417,66504.57201058164
T1192418,35026.571193794036
T1192419,42809.222355214275
T1192420,43003.04939417537
T1192421,32015.226498837583
T1192422,28089.800446561905
T1192423,30883.73527008814
T1192424,36869.9616245763
T1192425,32144.91835521331
T1192426,43493.45300747755
T1192427,43570.81697124976
T1192428,41870.86425820518
T1192429,54986.170258967555
T1192430,35244.42115909764
T1192431,55033.57635465189
T1192432,41898.844798514176
T1192433,34842.68119058795
T1192434,30723.129597245083
T1192435,46445.99864245984
T1192436,30696.35693282234
T1192437,31983.720062030286
T1192438,65926.81229786143
T1192439,34408.87865887456
T1192440,55778.034852742065
T1192441,54351.7492595663
T1192442,35423.692291799314
T1192443,45695.7864471915
T1192444,39463.53226728437
T1192445,41553.478135208214
T1192446,35723.55636330888
T1192447,51513.33621860433
T1192448,32308.929959955596
T1192449,35553.14379105612
T1192450,33703.734613889996
T1192451,36362.98887789174
T1192452,28393.01105345635
T1192453,61570.79786461666
T1192454,52678.35523150695
T1192455,31779.499107179756
T1192456,33584.25335905286
T1192457,42090.98937131279
T1192458,42080.17274071384
T1192459,31513.474944337544
T1192460,40469.74568174501
T1192461,25963.56698838604
T1192462,34523.93999368081
T1192463,33289.3153677326
T1192464,43470.71629912563
T1192465,27654.35630386767
T1192466,41809.735148942265
T1192467,32287.695305114987
T1192468,28609.049353880688
T1192469,61818.061155011594
T1192470,38799.8773473387
T1192471,52678.35523150695
T1192472,22914.45616499309
T1192473,45957.20049508735
T1192474,42005.904527470055
T1192475,44502.1051601589
T1192476,53315.525266940516
T1192477,41508.6391893371
T1192478,38234.1309099527
T1192479,42380.903719363596
T1192480,30865.427752596996
T1192481,22831.329798617746
T1192482,32293.5612706926
T1192483,48793.75282203517
T1192484,46231.96451811287
T1192485,55388.21222330352
T1192486,28716.180624746365
T1192487,35737.91105328311
T1192488,35400.916385423225
T1192489,52764.673944103575
T1192490,37914.18045615369
T1192491,43269.533178045465
T1192492,27901.667785050617
T1192493,33567.26312333388
T1192494,35322.13503242681
T1192495,36207.301111901375
T1192496,36392.11984244337
T1192497,46329.821393443
T1192498,34110.59070286053
T1192499,30685.073246967935
T1192500,41083.4150826482
T1192501,34516.80115941425
T1192502,31268.35862669129
T1192503,28053.767931831833
T1192504,42261.345057963386
T1192505,61863.53586687444
T1192506,47177.12958987925
T1192507,64034.54786685959
T1192508,53614.95481703469
T1192509,35761.80954598894
T1192510,45149.12915148444
T1192511,35568.92563035668
T1192512,43752.3974079923
T1192513,45878.21929598634
T1192514,44218.30530750909
T1192515,53124.2286012756
T1192516,43702.184947947055
T1192517,46353.91255601004
T1192518,42220.19953410942
T1192519,55142.58712571407
T1192520,34237.38522349696
T1192521,46640.014060394504
T1192522,42004.416681517156
T1192523,39094.76582718032
T1192524,52444.93447686136
T1192525,35626.03256380665
T1192526,55484.48700723604
T1192527,36605.90552805681
T1192528,44773.06161716488
T1192529,38186.40815222998
T1192530,37768.484663512936
T1192531,28192.857013257264
T1192532,55894.53064533834
T1192533,52622.09022513582
T1192534,33924.03395079816
T1192535,36268.223683982935
T1192536,44342.29785103667
T1192537,65926.81229786143
T1192538,52553.97253941917
T1192539,23382.441781452824
T1192540,41175.95055018431
T1192541,30376.200463871395
T1192542,34466.47612885015
T1192543,56114.27510354354
T1192544,35735.61512826207
T1192545,38531.93740751501
T1192546,41380.081012601986
T1192547,55533.47649640185
T1192548,34978.40568944408
T1192549,34785.963110362245
T1192550,27968.179793078732
T1192551,46745.3325129196
T1192552,27971.585613817195
T1192553,75468.72338633126
T1192554,65926.81229786143
T1192555,35327.91655695369
T1192556,46671.50599260938
T1192557,45541.779382909976
T1192558,35845.06761989378
T1192559,36250.41645557876
T1192560,34978.40568944408
T1192561,26606.799323317817
T1192562,42309.90229342386
T1192563,42262.90086603049
T1192564,43586.455365470865
T1192565,56734.52959998361
T1192566,63978.45587758798
T1192567,32530.755807347374
T1192568,38199.45361153955
T1192569,42004.416681517156
T1192570,42479.70897661151
T1192571,64916.65927870765
T1192572,35387.782438266215
T1192573,62325.46477487035
T1192574,23534.198604769303
T1192575,40783.07620620071
T1192576,60165.912593546775
T1192577,32952.79632077952
T1192578,40783.07620620071
T1192579,22877.01087311323
T1192580,35350.51921248143
T1192581,35175.29439394552
T1192582,36803.65478306614
T1192583,46895.47623771357
T1192584,46896.82093272284
T1192585,37703.171701788546
T1192586,35584.263878881924
T1192587,27657.67191785227
T1192588,45047.58386685514
T1192589,57076.10920466448
T1192590,38199.45361153955
T1192591,63184.61634613697
T1192592,54485.81128687041
T1192593,39231.31152510927
T1192594,44506.77259981617
T1192595,41103.51215463351
T1192596,26974.236136004864
T1192597,22551.612273873452
T1192598,26885.418107573023
T1192599,42126.23043551006
T1192600,50781.36233870399
T1192601,44502.1051601589
T1192602,21888.41111642102
T1192603,37768.484663512936
T1192604,53436.43312057845
T1192605,46392.95065956256
T1192606,71690.35884121894
T1192607,41853.97313132279
T1192608,31809.97418684569
T1192609,29384.65795369231
T1192610,27457.540240321676
T1192611,64204.21410709516
T1192612,62075.75234015947
T1192613,35153.0074929292
T1192614,53171.95017316605
T1192615,57076.10920466448
T1192616,39412.49814451873
T1192617,52553.97253941917
T1192618,46726.87505807886
T1192619,34987.405496764426
T1192620,31703.298204675342
T1192621,28145.190128812243
T1192622,52624.500536793385
T1192623,53217.32855260709
T1192624,34872.16135218959
T1192625,32515.93088874645
T1192626,62515.22551828952
T1192627,46451.62269014712
T1192628,28755.798834684974
T1192629,31540.98620640566
T1192630,51618.11967271344
T1192631,53351.80485673043
T1192632,42872.88797609139
T1192633,46674.312239713145
T1192634,34648.76942436695
T1192635,37608.808808399976
T1192636,42227.65342668274
T1192637,34872.16135218959
T1192638,41896.97010142404
T1192639,46282.91145968951
T1192640,45932.90144872687
T1192641,33308.71757151991
T1192642,38359.672708160564
T1192643,34201.36985858862
T1192644,54534.221063447054
T1192645,34716.238556975266
T1192646,42900.142574999685
T1192647,35173.89379980124
T1192648,44680.32890247504
T1192649,35482.369278693244
T1192650,37897.84258514261
T1192651,35339.15611614753
T1192652,33648.35342914901
T1192653,41870.86425820518
T1192654,22795.6222645519
T1192655,30641.97399633845
T1192656,70867.04148160062
T1192657,34739.8253113612
T1192658,76396.22590534696
T1192659,32587.538628637
T1192660,34523.93999368081
T1192661,42882.09401820165
T1192662,31268.35862669129
T1192663,31588.47457223678
T1192664,26701.8107559809
T1192665,54864.69389948517
T1192666,45055.289964639654
T1192667,33940.11513315017
T1192668,23453.55369340195
T1192669,30351.96097976874
T1192670,46392.95065956256
T1192671,37707.12069135467
T1192672,31568.765043450705
T1192673,28197.172891859613
T1192674,46920.15581357531
T1192675,30431.092803383945
T1192676,63965.74477245656
T1192677,64030.40851980151
T1192678,41523.49864114285
T1192679,64563.07298088153
T1192680,35293.00938063431
T1192681,34632.99710553532
T1192682,63088.57594683549
T1192683,45627.52835684231
T1192684,27743.405252476277
T1192685,44813.02909414643
T1192686,33940.11513315017
T1192687,35343.831762856295
T1192688,28191.050783442224
T1192689,55533.47649640185
T1192690,35713.71931745945
T1192691,52330.36277282084
T1192692,36679.75878628188
T1192693,66801.72031524531
T1192694,30693.009751523852
T1192695,51327.781305589255
T1192696,44559.127233272484
T1192697,44444.00674466924
T1192698,37727.990155931235
T1192699,31861.684277639208
T1192700,31673.798465075055
T1192701,64164.92910242938
T1192702,42380.903719363596
T1192703,31673.798465075055
T1192704,27530.988112973282
T1192705,47260.462721998585
T1192706,35244.42115909764
T1192707,32050.12372184884
T1192708,44245.01297140159
T1192709,22316.346307508546
T1192710,54316.290595350656
T1192711,55122.63633458113
T1192712,37546.601338250686
T1192713,36834.13233806577
T1192714,35737.91105328311
T1192715,30380.302279544805
T1192716,44507.1835759539
T1192717,22766.834002752432
T1192718,34091.3358731138
T1192719,41595.495438377235
T1192720,31908.64796053932
T1192721,23409.23865981725
T1192722,45579.39446390137
T1192723,45683.38441374221
T1192724,51635.89934376809
T1192725,35589.21085067151
T1192726,43101.40094226928
T1192727,33832.56564173685
T1192728,40625.07298428838
T1192729,42309.66770877236
T1192730,35289.01784056636
T1192731,38203.1180732011
T1192732,42787.843218134585
T1192733,71629.864936672
T1192734,35492.781770777496
T1192735,54727.21652350964
T1192736,28589.80035703807
T1192737,54114.375658840356
T1192738,30905.083384074704
T1192739,35891.05183072723
T1192740,45656.929342987736
T1192741,55407.50336592696
T1192742,36334.8804322786
T1192743,52929.14854531884
T1192744,32256.7241732695
T1192745,54559.869232312325
T1192746,44503.92504240442
T1192747,41304.84438229456
T1192748,44411.08626877222
T1192749,42878.7392618384
T1192750,34069.93712471058
T1192751,35440.585770518854
T1192752,60935.93136530253
T1192753,44534.29390140249
T1192754,55719.26677955978
T1192755,55855.52953072823
T1192756,65967.44673309567
T1192757,22822.53127381324
T1192758,27954.79268351753
T1192759,32041.631468388437
T1192760,28391.157072183414
T1192761,34331.244816476494
T1192762,54744.86011971899
T1192763,43548.393931164384
T1192764,34069.93712471058
T1192765,45526.205073014564
T1192766,36818.46629407504
T1192767,41845.49847199819
T1192768,32698.62720717825
T1192769,34637.13109735707
T1192770,43944.99427640553
T1192771,62173.639448527705
T1192772,32747.181817234774
T1192773,23442.46364634785
T1192774,69654.85284867905
T1192775,66513.07532363733
T1192776,31661.140807476884
T1192777,35444.88535967303
T1192778,42242.48789164184
T1192779,38236.94189304249
T1192780,38468.870669359116
T1192781,51254.20840390259
T1192782,22815.062708477308
T1192783,35492.71064069002
T1192784,41907.204417984096
T1192785,53020.81146683663
T1192786,28153.730612765896
T1192787,34835.34304154973
T1192788,45229.44923675683
T1192789,23514.761874585423
T1192790,64389.58462633414
T1192791,47308.55083152172
T1192792,27522.878583169244
T1192793,51017.255766311144
T1192794,34053.98728668003
T1192795,40832.60445443172
T1192796,34962.28304243497
T1192797,32058.279874611533
T1192798,35533.03045411615
T1192799,27810.39984550297
T1192800,46371.53760635927
T1192801,37812.410062583134
T1192802,35363.43989465116
T1192803,41907.204417984096
T1192804,44406.42417684106
T1192805,31061.496927670243
T1192806,56050.01404672158
T1192807,35495.76513760032
T1192808,36047.67044713802
T1192809,42803.52588921042
T1192810,36358.59002245586
T1192811,62593.018274141294
T1192812,56660.49620475977
T1192813,36154.312477330146
T1192814,53299.038225001874
T1192815,46457.82635794434
T1192816,38252.425197696386
T1192817,41389.91275859006
T1192818,38907.30406455891
T1192819,42005.67084210234
T1192820,52929.14854531884
T1192821,37856.46921534997
T1192822,34221.46536237366
T1192823,42019.35920752285
T1192824,44808.98614061721
T1192825,34481.46598750479
T1192826,46176.74418966974
T1192827,32713.99761360466
T1192828,37597.379001467154
T1192829,26033.03473587567
T1192830,37878.880039730655
T1192831,46151.95578445034
T1192832,43974.26875402331
T1192833,43815.01222758846
T1192834,42019.35920752285
T1192835,37849.02591902749
T1192836,34208.58573328469
T1192837,57355.52904617799
T1192838,30757.481100946286
T1192839,36429.73829867866
T1192840,45084.019259113236
T1192841,45508.02576813907
T1192842,60531.11519763654
T1192843,57058.95240490595
T1192844,53798.42516387868
T1192845,41627.51960190172
T1192846,31934.011425848596
T1192847,21874.23112641709
T1192848,64899.74292815037
T1192849,44720.07429328113
T1192850,34745.76682584985
T1192851,53113.976173079245
T1192852,41855.770144397924
T1192853,55407.50336592696
T1192854,39503.08137287629
T1192855,39913.120401306915
T1192856,35356.7590815994
T1192857,37893.689672237575
T1192858,41483.93797406458
T1192859,33777.07175833993
T1192860,35085.52557431886
T1192861,41681.029267776656
T1192862,38049.09358159203
T1192863,42807.07826883971
T1192864,47058.168294916875
T1192865,37133.35067001102
T1192866,35876.66440688128
T1192867,32078.66160041514
T1192868,42252.81135144128
T1192869,28214.011921381938
T1192870,35498.84199076393
T1192871,44586.25440463632
T1192872,38748.46573105809
T1192873,31754.553074228104
T1192874,46263.68343441378
T1192875,22939.849220329805
T1192876,37814.6875348019
T1192877,48695.72630917803
T1192878,35959.13540678747
T1192879,27682.78988548759
T1192880,31691.044470518376
T1192881,70681.08602964148
T1192882,52363.14293093708
T1192883,44149.62695781435
T1192884,46637.728318350484
T1192885,43302.84090253417
T1192886,46744.26881395133
T1192887,30333.43991866883
T1192888,41944.79359286803
T1192889,41235.35501862965
T1192890,36851.437907758045
T1192891,34979.11699073052
T1192892,30588.512683299243
T1192893,34962.28304243497
T1192894,43561.36013924392
T1192895,57285.33127146467
T1192896,42127.28106101067
T1192897,42366.360248586345
T1192898,30700.703884415474
T1192899,35203.14047094155
T1192900,35727.52035838633
T1192901,28091.577486793605
T1192902,27932.741346566665
T1192903,22248.823252824128
T1192904,37856.46921534997
T1192905,35495.82407637513
T1192906,38445.5595987859
T1192907,62725.01884483712
T1192908,42095.129613832374
T1192909,30584.240130245787
T1192910,52240.68096129597
T1192911,34454.60125095231
T1192912,31677.20502815887
T1192913,34637.13109735707
T1192914,47458.66327499361
T1192915,35872.657238602806
T1192916,33426.83757660143
T1192917,27331.645853698923
T1192918,55418.83631073867
T1192919,35891.05183072723
T1192920,31005.102114083995
T1192921,31790.343721527617
T1192922,46617.86099332314
T1192923,23611.303497174198
T1192924,35894.60489067745
T1192925,37984.74753221865
T1192926,52834.88586615151
T1192927,54773.99782124813
T1192928,35742.89499284204
T1192929,55719.26677955978
T1192930,45344.970150243455
T1192931,38732.49227662267
T1192932,35118.6428301053
T1192933,44109.09064245372
T1192934,31186.03866279376
T1192935,28397.302287519386
T1192936,55051.88328904834
T1192937,43567.107987391806
T1192938,36273.89822320823
T1192939,76286.00860520621
T1192940,55407.50336592696
T1192941,34762.17817118583
T1192942,28349.881967616657
T1192943,35658.779180778525
T1192944,43014.830303584466
T1192945,42392.97657552018
T1192946,43077.20631885222
T1192947,28841.672793442944
T1192948,42479.12324134652
T1192949,27846.696640805323
T1192950,46954.419921718014
T1192951,46477.406532205896
T1192952,52929.14854531884
T1192953,46132.14979381724
T1192954,32120.45437320417
T1192955,26930.44326319921
T1192956,35334.14154411681
T1192957,54179.02720408571
T1192958,41838.341726905084
T1192959,35686.74362313539
T1192960,38062.503534011994
T1192961,38203.1180732011
T1192962,38203.1180732011
T1192963,35417.33047581887
T1192964,53788.84511230936
T1192965,22623.388447202527
T1192966,36493.77469869781
T1192967,46966.496922189675
T1192968,55254.19168886185
T1192969,36624.909208360805
T1192970,55181.646471916596
T1192971,40832.60445443172
T1192972,42367.40265539259
T1192973,41812.66915113631
T1192974,28146.23380759256
T1192975,52949.9682629235
T1192976,35089.8657160039
T1192977,44122.949982310776
T1192978,35879.59422960244
T1192979,45895.243888308265
T1192980,44584.44390473537
T1192981,31186.03866279376
T1192982,53778.0279875847
T1192983,53542.14940281858
T1192984,52692.10286800692
T1192985,43757.29313671904
T1192986,32617.888164894717
T1192987,35742.89499284204
T1192988,28769.088645865188
T1192989,26999.869812203753
T1192990,35089.8657160039
T1192991,42878.7392618384
T1192992,55550.71928147484
T1192993,75158.85730505508
T1192994,30415.378715540493
T1192995,34482.510859075366
T1192996,32301.649828655016
T1192997,55202.33819896609
T1192998,31212.550493268387
T1192999,33987.915979639154
T1193000,42367.40265539259
T1193001,31677.20502815887
T1193002,28361.513051503076
T1193003,32070.67443085578
T1193004,55826.2510627617
T1193005,41744.57057819104
T1193006,52692.10286800692
T1193007,30336.2686726582
T1193008,34789.17035833486
T1193009,46552.145798588885
T1193010,36387.71911027898
T1193011,41509.31455889527
T1193012,53356.56416165033
T1193013,53530.80716836742
T1193014,28290.549911847505
T1193015,22533.903621436446
T1193016,53342.3288800515
T1193017,55072.59455977474
T1193018,46255.45965906174
T1193019,26739.360709016797
T1193020,32381.859782105494
T1193021,30639.50101003497
T1193022,31790.343721527617
T1193023,31633.318695053076
T1193024,34069.93712471058
T1193025,44716.992440107046
T1193026,44336.30110723906
T1193027,35363.43989465116
T1193028,36811.27751632535
T1193029,31998.266003886827
T1193030,35633.01813195081
T1193031,32373.76904124289
T1193032,46279.02794389292
T1193033,37849.37795308701
T1193034,45553.76939745603
T1193035,35213.23265614952
T1193036,28191.814679637457
T1193037,53249.112466170445
T1193038,22766.231316949186
T1193039,61818.93555310664
T1193040,46304.91534746996
T1193041,56211.943633281735
T1193042,51637.84489668612
T1193043,34789.17035833486
T1193044,46791.37709799346
T1193045,65967.44673309567
T1193046,28915.89285162789
T1193047,45127.807719937584
T1193048,33589.27135067948
T1193049,44406.42417684106
T1193050,37132.84457795463
T1193051,22888.2807531235
T1193052,52772.224957741164
T1193053,32004.61558847521
T1193054,21901.625203422318
T1193055,38605.7254055659
T1193056,32238.860963520583
T1193057,28543.867030186844
T1193058,33342.18470226238
T1193059,33098.413711300665
T1193060,36000.41788657099
T1193061,28295.274951163352
T1193062,34705.83575550048
T1193063,39320.35279174778
T1193064,55407.50336592696
T1193065,34300.01636353652
T1193066,46304.91534746996
T1193067,29313.867158460696
T1193068,32067.637805853876
T1193069,61746.5816150087
T1193070,32378.875954439194
T1193071,51986.164858182376
T1193072,38953.93087576116
T1193073,62342.73488948871
T1193074,34578.135254285
T1193075,42262.66642022043
T1193076,28972.66842062974
T1193077,57058.95240490595
T1193078,54880.25225223923
T1193079,42172.161679572935
T1193080,38236.94189304249
T1193081,31871.460076687923
T1193082,33598.580536267364
T1193083,34588.994561375286
T1193084,26738.822872904595
T1193085,56371.623584522604
T1193086,35672.39399854592
T1193087,28188.154164723957
T1193088,35322.95529024127
T1193089,28959.430291937857
T1193090,45842.55397568959
T1193091,44450.4168277235
T1193092,35921.96629339228
T1193093,75213.40745023772
T1193094,51318.943441424715
T1193095,56340.50882181269
T1193096,31387.40190780153
T1193097,34166.80178077474
T1193098,31712.995907132947
T1193099,23013.220989482008
T1193100,37678.57548269722
T1193101,38814.38503691591
T1193102,43805.0694353886
T1193103,35232.26677208027
T1193104,28784.00531160341
T1193105,67016.6356050514
T1193106,45689.0004427693
T1193107,36553.937151273676
T1193108,56004.673929491655
T1193109,55568.82218850919
T1193110,44762.2217316852
T1193111,54049.627701341036
T1193112,33187.97912399864
T1193113,66911.77336093907
T1193114,56157.695142643686
T1193115,42223.681315868045
T1193116,53182.31172657733
T1193117,52951.66299378221
T1193118,23549.282941620222
T1193119,27462.757384269295
T1193120,31996.14918923145
T1193121,41477.02953862181
T1193122,53972.55563010869
T1193123,34749.92318975208
T1193124,52531.98863467862
T1193125,40569.99461758773
T1193126,31735.232126864816
T1193127,34540.67518122283
T1193128,46471.06134454123
T1193129,55516.81160020447
T1193130,41894.75395920115
T1193131,31082.707114115812
T1193132,41549.69193955454
T1193133,64853.38767950583
T1193134,34948.47821112511
T1193135,43903.75001590863
T1193136,28412.373760036997
T1193137,28904.73937890294
T1193138,22080.833545468497
T1193139,27873.830248063474
T1193140,44464.33318488757
T1193141,31881.15760930543
T1193142,46634.90853821033
T1193143,43097.52925498966
T1193144,41984.968661895226
T1193145,35712.8026271531
T1193146,54929.14863664988
T1193147,23754.817997065886
T1193148,34593.98800158268
T1193149,35993.812154876454
T1193150,35785.1810165334
T1193151,30857.722698077516
T1193152,31972.322190199444
T1193153,61927.50613735087
T1193154,35769.79669548945
T1193155,42376.768720191714
T1193156,38455.868621835536
T1193157,35075.637448316316
T1193158,38940.841752975284
T1193159,32948.4341201835
T1193160,69782.14040259403
T1193161,35120.17806421272
T1193162,28000.92248646707
T1193163,37294.39190537785
T1193164,41952.85243850867
T1193165,53240.79580947323
T1193166,41595.185635455346
T1193167,37261.14287815628
T1193168,62307.803889051254
T1193169,22677.7902679366
T1193170,42892.26998191548
T1193171,37155.35340140968
T1193172,45799.18979778927
T1193173,45390.96469105146
T1193174,37695.24654415856
T1193175,57646.94009498909
T1193176,44879.92764674377
T1193177,23064.38360253686
T1193178,42533.4451919012
T1193179,37956.12423140102
T1193180,38298.44804110805
T1193181,38509.22877216907
T1193182,28249.34293175956
T1193183,34155.49816359455
T1193184,38649.61192225592
T1193185,56905.41588890853
T1193186,46843.16880965366
T1193187,49116.26278865817
T1193188,36042.865870723595
T1193189,46523.320298843995
T1193190,46558.295173787854
T1193191,44892.83133820409
T1193192,37956.67058949454
T1193193,29016.251356430264
T1193194,28159.964741190986
T1193195,42313.75980715995
T1193196,42104.32894328706
T1193197,39466.83373016262
T1193198,22429.536327105558
T1193199,53182.31172657733
T1193200,45410.12856734778
T1193201,41924.85269014696
T1193202,30515.815321627728
T1193203,54070.0796780411
T1193204,43233.165834157124
T1193205,45014.823672456376
T1193206,22967.395179581337
T1193207,41537.36794681673
T1193208,22902.69480529459
T1193209,42112.556433896476
T1193210,22931.574415885716
T1193211,54071.25614967065
T1193212,35218.89511166132
T1193213,28652.573137405714
T1193214,53182.31172657733
T1193215,35718.18758454344
T1193216,37991.05720706106
T1193217,35465.16991288842
T1193218,42836.76992815145
T1193219,22747.00596588294
T1193220,45060.81171373816
T1193221,32172.256568401466
T1193222,46131.68504571766
T1193223,34155.49816359455
T1193224,46635.089437817136
T1193225,55068.75980911599
T1193226,35519.14298313085
T1193227,34902.225691130996
T1193228,53424.04791072671
T1193229,46906.15755740013
T1193230,32783.30973423594
T1193231,47508.95010936645
T1193232,44327.25252397173
T1193233,62058.907697786315
T1193234,30884.45777101549
T1193235,52379.04319618352
T1193236,26124.701461327008
T1193237,34085.880359076
T1193238,30595.17425949234
T1193239,31985.65330643082
T1193240,46151.4909300819
T1193241,22053.320271459477
T1193242,51915.71163707401
T1193243,55835.66679974642
T1193244,41625.19268191533
T1193245,42396.64946768347
T1193246,41924.85269014696
T1193247,66126.00374339367
T1193248,41579.65839229844
T1193249,38149.01820014449
T1193250,51566.6470311915
T1193251,34895.9065585298
T1193252,39592.261160234215
T1193253,41924.85269014696
T1193254,42303.42841782048
T1193255,35785.1810165334
T1193256,55991.47677251164
T1193257,54744.664857139185
T1193258,37956.12423140102
T1193259,30534.126047077578
T1193260,41490.97260961972
T1193261,43651.30204046305
T1193262,43559.311448112654
T1193263,28368.489866998007
T1193264,35552.736284644765
T1193265,38735.4134299936
T1193266,31806.040232280513
T1193267,36418.63371262704
T1193268,36001.55746422614
T1193269,27718.129240315775
T1193270,47025.81855130267
T1193271,31742.47677588525
T1193272,52697.12322082586
T1193273,66126.00374339367
T1193274,62752.82004996339
T1193275,42666.71067021565
T1193276,44491.1198858744
T1193277,35574.46775743524
T1193278,32075.0754935248
T1193279,34818.74686971298
T1193280,41507.651936195245
T1193281,32033.46723532833
T1193282,38298.44804110805
T1193283,42349.596722683535
T1193284,51989.57133776084
T1193285,70809.36864383
T1193286,55720.75172183122
T1193287,35318.17571913357
T1193288,30919.157257411487
T1193289,35199.09247500604
T1193290,35110.98237256651
T1193291,43149.92306517077
T1193292,28023.002471128406
T1193293,40039.05749783394
T1193294,37841.5140139578
T1193295,37678.97690843589
T1193296,37978.56645550965
T1193297,45410.12856734778
T1193298,44178.249361888695
T1193299,42036.769314226105
T1193300,34321.67252320198
T1193301,36394.9032718492
T1193302,64553.75507297368
T1193303,30957.367922352674
T1193304,64343.73348283872
T1193305,35659.30312394584
T1193306,60733.596971346655
T1193307,57344.99726599264
T1193308,35979.40280257314
T1193309,32158.933982303854
T1193310,41203.18369017884
T1193311,36896.64853789103
T1193312,43121.7299568206
T1193313,43582.07282358336
T1193314,32665.84036276893
T1193315,42036.769314226105
T1193316,42188.39684368239
T1193317,36489.84451968988
T1193318,33889.39706991859
T1193319,34723.31540205932
T1193320,31929.676358925662
T1193321,32466.104622710674
T1193322,36836.40964724927
T1193323,35317.17419821118
T1193324,53604.49909740911
T1193325,53559.603591300016
T1193326,62262.484286916806
T1193327,46523.320298843995
T1193328,32049.963183613156
T1193329,46518.47969099111
T1193330,64292.3608354614
T1193331,31290.431467753413
T1193332,35465.16991288842
T1193333,36017.48518340029
T1193334,44748.97176070394
T1193335,42467.72836467073
T1193336,37695.24654415856
T1193337,28359.1945968185
T1193338,33701.26383788156
T1193339,33466.37649426124
T1193340,33203.04392832296
T1193341,28352.915504620167
T1193342,39594.51160148022
T1193343,34729.2162477143
T1193344,32485.089364456828
T1193345,33944.9891352569
T1193346,28527.656195226664
T1193347,46006.71126848938
T1193348,56673.01709142905
T1193349,36447.78840834809
T1193350,23676.60009283383
T1193351,31848.48107087197
T1193352,41272.64418278123
T1193353,23595.69543081669
T1193354,54871.4218711615
T1193355,26876.09883346502
T1193356,44728.803580251035
T1193357,52785.79054400089
T1193358,53617.59989090289
T1193359,32854.036552235244
T1193360,46666.613484871945
T1193361,38921.70739668021
T1193362,32385.78352381888
T1193363,41840.61067991713
T1193364,32129.08416758568
T1193365,53870.584634716775
T1193366,38333.7760101197
T1193367,54831.36349318173
T1193368,42983.28406061749
T1193369,34304.941879519465
T1193370,28419.225402608874
T1193371,51917.6627984628
T1193372,32201.0644899335
T1193373,61178.25551241066
T1193374,56300.44701660036
T1193375,31740.855316098383
T1193376,27133.341531809983
T1193377,35035.40118214457
T1193378,54539.24877128242
T1193379,39588.578709033456
T1193380,44724.57985812992
T1193381,45769.20794359494
T1193382,37993.396832976636
T1193383,44748.97176070394
T1193384,45074.096394677814
T1193385,52951.66299378221
T1193386,44840.68078323142
T1193387,47182.447209736834
T1193388,35075.637448316316
T1193389,35415.7040080261
T1193390,33055.70351633527
T1193391,32697.24842494296
T1193392,35713.416302777
T1193393,53807.95347923881
T1193394,47144.2676367121
T1193395,27678.575444976486
T1193396,38284.41304324831
T1193397,36333.86740479963
T1193398,27044.20890580798
T1193399,54422.210752050414
T1193400,41934.496616979275
T1193401,38284.41304324831
T1193402,43315.39695176574
T1193403,55365.90047231628
T1193404,45799.589824664065
T1193405,53332.68164908505
T1193406,40813.383481289624
T1193407,53128.18315206178
T1193408,35586.10345617734
T1193409,35936.986393010826
T1193410,32773.41899444306
T1193411,42566.64132940365
T1193412,54929.14863664988
T1193413,31848.48107087197
T1193414,40813.383481289624
T1193415,36687.41115966065
T1193416,42467.72836467073
T1193417,55710.49058687438
T1193418,52963.558165519426
T1193419,35218.89511166132
T1193420,54357.40475687223
T1193421,38127.070038568825
T1193422,35915.02493986324
T1193423,47749.476009404345
T1193424,55009.823887702354
T1193425,46187.722944753186
T1193426,34875.18680909044
T1193427,35616.56789456519
T1193428,33256.45949988238
T1193429,38284.41304324831
T1193430,42983.28406061749
T1193431,55720.75172183122
T1193432,34749.92318975208
T1193433,35549.71593061822
T1193434,65240.24133338475
T1193435,37881.36219620607
T1193436,33168.53643946298
T1193437,42493.334518748205
T1193438,32724.51814882691
T1193439,56004.673929491655
T1193440,71816.21734083116
T1193441,34155.49816359455
T1193442,35147.21613733179
T1193443,41995.258554284286
T1193444,76340.99291302712
T1193445,36107.44020263068
T1193446,55720.75172183122
T1193447,47340.722106233676
T1193448,45823.8604645264
T1193449,62884.999928505196
T1193450,57529.85805581803
T1193451,36961.96860183523
T1193452,29480.711022125906
T1193453,36100.20216604184
T1193454,39184.207155489494
T1193455,27748.513170639195
T1193456,22247.836257383973
T1193457,44206.64333656207
T1193458,35667.40151555635
T1193459,57501.055574112295
T1193460,54233.526993434905
T1193461,32440.898697315974
T1193462,35473.02375161442
T1193463,36961.96860183523
T1193464,31191.701132320675
T1193465,23216.853189785015
T1193466,63936.91250383773
T1193467,58991.491834778215
T1193468,36884.36370420263
T1193469,27698.954685660374
T1193470,29439.22666781326
T1193471,23942.7494199184
T1193472,67796.61905610368
T1193473,36463.73843103991
T1193474,32405.54769483499
T1193475,57235.46925422483
T1193476,56131.82169331128
T1193477,34922.18976729852
T1193478,27998.31965972719
T1193479,23894.154250912416
T1193480,43554.43557857042
T1193481,29319.707118268212
T1193482,23166.92669180705
T1193483,35455.41963221315
T1193484,47472.91036775712
T1193485,43515.03532105979
T1193486,45754.853050440244
T1193487,37387.64908595677
T1193488,56290.17276626458
T1193489,46946.56875797745
T1193490,55111.21126701192
T1193491,66175.1338655783
T1193492,56997.95659044386
T1193493,43883.81976527355
T1193494,32695.672322527138
T1193495,44958.860125980136
T1193496,31957.47401920971
T1193497,37099.337889093884
T1193498,44233.33268378388
T1193499,78483.30465481235
T1193500,54693.28513685243
T1193501,40762.84662142629
T1193502,37496.80765243754
T1193503,22813.238286564458
T1193504,56332.46182253129
T1193505,36106.308620295094
T1193506,30725.228873823962
T1193507,36195.78142277464
T1193508,36752.60724566641
T1193509,57478.347731980706
T1193510,39061.01216152449
T1193511,45808.50652957782
T1193512,56832.05151995324
T1193513,34137.20130179899
T1193514,35064.39511670935
T1193515,41479.73267327021
T1193516,35056.87744479599
T1193517,32512.604074461302
T1193518,56475.467858339
T1193519,23767.31985109902
T1193520,37654.18255667119
T1193521,38983.99205664164
T1193522,44155.87406405547
T1193523,45428.903836064936
T1193524,54734.94015978372
T1193525,36670.78425048344
T1193526,37027.41448846083
T1193527,55607.78905658224
T1193528,29982.740188953794
T1193529,36884.36370420263
T1193530,31882.061218914823
T1193531,35284.38889677979
T1193532,37887.53058856539
T1193533,57089.8371733299
T1193534,32893.7549038343
T1193535,37479.9808906867
T1193536,35854.00865509636
T1193537,36009.27176182819
T1193538,43874.27078009799
T1193539,32249.671130421866
T1193540,28988.245082444144
T1193541,38942.64267366048
T1193542,31504.50772803534
T1193543,45832.45964743204
T1193544,47918.12001375822
T1193545,28241.811959279195
T1193546,37576.418558370715
T1193547,46201.855643211515
T1193548,37087.46619994003
T1193549,31543.101899796562
T1193550,56912.40362529352
T1193551,38974.64074708155
T1193552,38731.31081776894
T1193553,36052.668996364155
T1193554,28995.74486142057
T1193555,22220.212310991592
T1193556,42773.23182264069
T1193557,38942.64267366048
T1193558,41235.19740540362
T1193559,35056.87744479599
T1193560,56221.395593756904
T1193561,30608.79258172211
T1193562,46080.196328042344
T1193563,46351.635396559104
T1193564,23157.111922759872
T1193565,53767.88585105337
T1193566,46866.24194256221
T1193567,35276.37222285709
T1193568,45363.191993849396
T1193569,47991.874117830135
T1193570,33439.19048715347
T1193571,38679.94045395761
T1193572,36515.616677780126
T1193573,35687.30518847894
T1193574,39097.246372397916
T1193575,22543.132518897408
T1193576,47472.91036775712
T1193577,55608.417539048816
T1193578,27626.903209843018
T1193579,36463.73843103991
T1193580,36566.36351898857
T1193581,33225.579480492845
T1193582,35503.40397179473
T1193583,35330.67250310989
T1193584,23864.202272219096
T1193585,40213.61074228971
T1193586,34768.92538083432
T1193587,23228.25414567893
T1193588,28038.166292223417
T1193589,45839.47461517776
T1193590,36107.07250098308
T1193591,29341.10224107604
T1193592,38956.97128244415
T1193593,47606.56628308894
T1193594,38013.25797797302
T1193595,56386.487870100114
T1193596,32827.725801331915
T1193597,23413.90373933194
T1193598,39605.18214606129
T1193599,32799.02907192162
T1193600,39234.61121470068
T1193601,36484.17303962368
T1193602,37363.010785036415
T1193603,54294.31924329582
T1193604,38765.963571514156
T1193605,44671.9114459252
T1193606,32609.139483945073
T1193607,45856.57124881081
T1193608,48089.79024101523
T1193609,32429.63543375881
T1193610,37627.669570609956
T1193611,43173.95512143772
T1193612,38516.787541827354
T1193613,47788.28766530709
T1193614,58289.23705151668
T1193615,29249.315237461054
T1193616,54692.49742778618
T1193617,55165.724754761795
T1193618,43735.28586670518
T1193619,62166.11067505866
T1193620,38765.255806913876
T1193621,36602.277429022484
T1193622,47162.29320840274
T1193623,32329.74413692217
T1193624,58152.42257558572
T1193625,34009.49405384602
T1193626,36063.0409564064
T1193627,57235.46925422483
T1193628,48440.86029669678
T1193629,45886.16282775212
T1193630,26767.724176364063
T1193631,27842.335232688823
T1193632,26640.342207019185
T1193633,32659.721864715153
T1193634,37923.95769335507
T1193635,34922.18976729852
T1193636,58804.14217351789
T1193637,53522.952989813304
T1193638,53203.66079304634
T1193639,35385.656986119044
T1193640,35707.680822749324
T1193641,66096.32286029209
T1193642,42303.44485288406
T1193643,32944.15778745078
T1193644,54606.59766164392
T1193645,54294.31924329582
T1193646,37479.9808906867
T1193647,35663.04515681776
T1193648,45279.328204581056
T1193649,38417.57163631842
T1193650,35854.00865509636
T1193651,31989.88590200222
T1193652,29581.01917798217
T1193653,36369.87217699744
T1193654,36189.182422104604
T1193655,55247.75929665032
T1193656,58998.70543017633
T1193657,31371.266042060706
T1193658,43556.39661261713
T1193659,36715.61694801475
T1193660,39339.40575923734
T1193661,42407.11881742433
T1193662,39234.61121470068
T1193663,35548.932533994404
T1193664,50120.436902345755
T1193665,45549.91528933051
T1193666,36100.20216604184
T1193667,47465.98143882256
T1193668,29112.72084586814
T1193669,55347.60759461547
T1193670,53946.183661637624
T1193671,44153.22077919805
T1193672,54233.526993434905
T1193673,23166.92669180705
T1193674,36280.40061537761
T1193675,36677.98260447464
T1193676,37467.20889059834
T1193677,36963.75140043384
T1193678,36195.78142277464
T1193679,36515.53987676957
T1193680,28864.446084276242
T1193681,36062.876996957704
T1193682,31218.99602411428
T1193683,35816.52334600654
T1193684,38765.255806913876
T1193685,43980.5783241459
T1193686,23326.651432219092
T1193687,30833.112252929404
T1193688,22900.12409745234
T1193689,32863.56497369637
T1193690,34768.92538083432
T1193691,55034.254199721385
T1193692,47037.752998129756
T1193693,36062.876996957704
T1193694,36195.78142277464
T1193695,54318.38235147829
T1193696,29361.14739564787
T1193697,45534.80266792123
T1193698,39667.548977070255
T1193699,37747.08288262023
T1193700,46190.99108114092
T1193701,46704.449422359554
T1193702,57478.347731980706
T1193703,27592.414605592137
T1193704,43035.23493904694
T1193705,56290.17276626458
T1193706,33978.51304792524
T1193707,38467.67143204462
T1193708,32512.604074461302
T1193709,35473.02375161442
T1193710,34251.66669176689
T1193711,36823.76090547306
T1193712,48525.94126504891
T1193713,57135.67776505875
T1193714,35663.04515681776
T1193715,29249.315237461054
T1193716,36715.61694801475
T1193717,45803.82717266487
T1193718,36670.78425048344
T1193719,44942.63845074594
T1193720,35346.902315130385
T1193721,53637.578750417604
T1193722,47597.42602319736
T1193723,35687.30518847894
T1193724,46868.97309692724
T1193725,34910.7982818481
T1193726,57135.67776505875
T1193727,37641.520358684815
T1193728,39097.246372397916
T1193729,35106.0509898177
T1193730,32026.324291242723
T1193731,66330.73588854175
T1193732,36100.03811662367
T1193733,36844.68719869148
T1193734,73384.81655622192
T1193735,47465.98143882256
T1193736,66561.8284059985
T1193737,33430.33216893907
T1193738,32603.940594545817
T1193739,39097.246372397916
T1193740,45548.89882354029
T1193741,55823.44936312017
T1193742,27626.903209843018
T1193743,31808.564857781366
T1193744,42600.19444938695
T1193745,48044.465665913776
T1193746,37042.04587857915
T1193747,33729.7966060311
T1193748,35854.00865509636
T1193749,54045.141670021905
T1193750,29825.19422948383
T1193751,57135.67776505875
T1193752,36672.01218708598
T1193753,35056.87744479599
T1193754,45886.16282775212
T1193755,46202.19225089789
T1193756,36318.345515764995
T1193757,39153.30475288066
T1193758,40852.637468296045
T1193759,23175.85726546713
T1193760,55771.44478190146
T1193761,48569.04310460828
T1193762,35687.30518847894
T1193763,39230.51708601229
T1193764,31226.584475642845
T1193765,62166.11067505866
T1193766,57335.76769033636
T1193767,31219.359723514423
T1193768,30022.193770340982
T1193769,46833.73210009943
T1193770,31196.42314718944
T1193771,54946.882732500875
T1193772,42907.14459793684
T1193773,54911.589090132635
T1193774,36009.27176182819
T1193775,54353.451363866436
T1193776,45543.97197173429
T1193777,32944.15778745078
T1193778,31509.738691593127
T1193779,68304.21706633961
T1193780,36291.11158061359
T1193781,45287.72946922249
T1193782,34967.27625524578
T1193783,33138.652894772844
T1193784,29335.516223182058
T1193785,68568.10557192723
T1193786,29140.070213528536
T1193787,54045.141670021905
T1193788,57601.47396995616
T1193789,34634.61386616153
T1193790,33117.26983464612
T1193791,35148.66747369986
T1193792,29305.528772984973
T1193793,57416.49054888855
T1193794,35750.88413320634
T1193795,36370.01480255392
T1193796,66109.0999298476
T1193797,47492.107136700884
T1193798,23755.115664801793
T1193799,63801.80431696618
T1193800,54717.90609058583
T1193801,32377.019104904157
T1193802,38956.97128244415
T1193803,39966.23691789726
T1193804,35687.30518847894
T1193805,29816.1328004249
T1193806,32733.27687939425
T1193807,60993.034479687994
T1193808,54693.28513685243
T1193809,32188.373655731928
T1193810,36986.433787002105
T1193811,33513.982682618844
T1193812,23824.599616441796
T1193813,54211.69484653732
T1193814,46351.635396559104
T1193815,58245.90124950611
T1193816,43384.87831726468
T1193817,63772.20732020465
T1193818,38810.73875073626
T1193819,54709.538034618694
T1193820,36534.43996918213
T1193821,47912.33062146404
T1193822,48351.878499995764
T1193823,66352.02115319
T1193824,55141.17076353726
T1193825,34874.319263631194
T1193826,31769.008132008956
T1193827,64854.29953394317
T1193828,36381.295869231646
T1193829,55869.7339176475
T1193830,43962.33538867285
T1193831,33742.13019454458
T1193832,32912.17391005159
T1193833,36657.251037056354
T1193834,63791.42524281388
T1193835,54807.38746392303
T1193836,33557.15762958749
T1193837,45702.89696841563
T1193838,55466.124211333954
T1193839,30292.533094376344
T1193840,39374.632970018705
T1193841,56774.39996259278
T1193842,55773.97967016849
T1193843,44006.88480784611
T1193844,62488.50406550055
T1193845,40511.70379894113
T1193846,64197.440043017625
T1193847,36194.277039937595
T1193848,56424.80597853025
T1193849,33244.97361034335
T1193850,57574.75998095214
T1193851,34590.40476084883
T1193852,29712.482275672213
T1193853,39406.233730726715
T1193854,34334.4041987478
T1193855,36739.64885750329
T1193856,40988.8392320096
T1193857,42616.33683142315
T1193858,58058.49578396222
T1193859,32670.457225518257
T1193860,37520.497137122016
T1193861,29295.913127649026
T1193862,40801.4767804374
T1193863,44465.950090372724
T1193864,44824.0149399359
T1193865,42177.908622765295
T1193866,40305.20241601659
T1193867,48324.07003495863
T1193868,56214.02596283332
T1193869,67008.88029004316
T1193870,36808.19539772702
T1193871,39410.79586270082
T1193872,65984.74697226382
T1193873,35509.22315937152
T1193874,35152.12834525796
T1193875,35921.75852913373
T1193876,66366.65078162799
T1193877,44532.953953165794
T1193878,36636.76484441703
T1193879,33990.42523591305
T1193880,37651.4598007498
T1193881,42885.58562812822
T1193882,55606.60083876565
T1193883,39203.21792565663
T1193884,54779.55088815245
T1193885,45390.04240796004
T1193886,39613.8025351671
T1193887,32474.085038503043
T1193888,34739.790849904835
T1193889,36739.64885750329
T1193890,55236.88975442848
T1193891,43928.50138881353
T1193892,24026.469295489034
T1193893,29184.424987529223
T1193894,27674.801919399735
T1193895,29280.11539552598
T1193896,36863.242889125715
T1193897,64144.66321268899
T1193898,56363.11650847495
T1193899,40816.496384565406
T1193900,34874.319263631194
T1193901,63281.69613213318
T1193902,37710.314939592055
T1193903,37223.11419160457
T1193904,43978.52338310892
T1193905,37065.88945842589
T1193906,35013.385462065606
T1193907,58710.75929040582
T1193908,44598.16854310357
T1193909,30023.45842432373
T1193910,45538.959052679624
T1193911,37270.9409121912
T1193912,29376.93971318336
T1193913,27746.919865256623
T1193914,36863.242889125715
T1193915,53789.0292364806
T1193916,45027.11424613128
T1193917,35906.05081028714
T1193918,64583.98315868203
T1193919,66063.05202092617
T1193920,62488.50406550055
T1193921,34488.16781175241
T1193922,42512.39058684446
T1193923,32723.523815927496
T1193924,45142.03892912811
T1193925,55803.08970472991
T1193926,40552.65180026409
T1193927,56407.317543597084
T1193928,36231.16364586754
T1193929,37508.575186860784
T1193930,39503.139176337354
T1193931,34122.00944988146
T1193932,43566.70827930852
T1193933,47658.013970308595
T1193934,35306.96231817624
T1193935,38030.15398262525
T1193936,36194.277039937595
T1193937,41269.79111307158
T1193938,57096.263208365745
T1193939,37205.266015553665
T1193940,54867.69462862259
T1193941,32500.130908317267
T1193942,65963.30141564335
T1193943,44540.621528787786
T1193944,27890.432445967348
T1193945,37613.00344514741
T1193946,45943.56492936298
T1193947,45492.83698829282
T1193948,38072.8174447985
T1193949,38997.33682713703
T1193950,54779.55088815245
T1193951,23287.67990000177
T1193952,35243.52405401718
T1193953,47517.53576440515
T1193954,66128.83630469516
T1193955,48727.50110248284
T1193956,42115.49717002892
T1193957,39374.632970018705
T1193958,42355.97516198915
T1193959,63161.62480347121
T1193960,30654.631545565004
T1193961,36677.31015438829
T1193962,40171.603504837774
T1193963,77178.98157481
T1193964,30999.603238929016
T1193965,31311.574556873253
T1193966,40816.496384565406
T1193967,36285.29133898966
T1193968,40040.98091511779
T1193969,57100.125763284304
T1193970,39001.35465722068
T1193971,47145.366703879416
T1193972,30930.668214109897
T1193973,37613.00344514741
T1193974,33041.66410350257
T1193975,48733.413353207805
T1193976,42502.527475184645
T1193977,45634.799839529216
T1193978,38305.15968885876
T1193979,47032.62978035231
T1193980,54917.262962710956
T1193981,56056.43493560692
T1193982,55214.11601960826
T1193983,40013.04276050575
T1193984,39941.607647161865
T1193985,31996.821171030217
T1193986,33782.78749020438
T1193987,29038.506863978066
T1193988,52309.11175605302
T1193989,45906.69768092484
T1193990,43527.166615206734
T1193991,56903.03857520567
T1193992,40904.49198357101
T1193993,30802.415445578234
T1193994,47995.65436011355
T1193995,44338.0364348646
T1193996,46875.81752438015
T1193997,33158.4993030351
T1193998,64467.125112527356
T1193999,44619.78337476004
T1194000,35927.09289662099
T1194001,47721.08419128911
T1194002,35962.19054127945
T1194003,35578.06590402362
T1194004,45538.959052679624
T1194005,22374.05857460534
T1194006,57965.17749337416
T1194007,45649.44409021217
T1194008,39291.86256275069
T1194009,40255.09614429216
T1194010,47124.216394799565
T1194011,36636.76484441703
T1194012,39549.64944061192
T1194013,26786.41913132715
T1194014,54306.39906073236
T1194015,26671.794436443128
T1194016,57196.431688525496
T1194017,53341.68778296229
T1194018,35013.385462065606
T1194019,42983.16470438379
T1194020,35681.868993051125
T1194021,57518.22834009848
T1194022,64337.211559973664
T1194023,35927.09289662099
T1194024,47799.66657288381
T1194025,43427.42472800412
T1194026,33080.65709684007
T1194027,42355.97516198915
T1194028,44146.32844403936
T1194029,39273.23473259636
T1194030,28542.297744580268
T1194031,56996.1730289336
T1194032,55366.18810313919
T1194033,46682.91171150033
T1194034,36482.64635151307
T1194035,36945.29421816836
T1194036,43771.99182839166
T1194037,34411.0658899597
T1194038,48010.2468087314
T1194039,36075.289054322406
T1194040,35927.09289662099
T1194041,23287.67990000177
T1194042,54695.98207077435
T1194043,23296.128867076644
T1194044,28812.85227663952
T1194045,55388.07568474368
T1194046,41327.92970137012
T1194047,54334.34671423441
T1194048,64851.72071186208
T1194049,54899.95383386624
T1194050,31880.60801225071
T1194051,29382.258247777616
T1194052,47187.75806346092
T1194053,32847.892749556726
T1194054,54530.09627856183
T1194055,36274.05926996477
T1194056,28076.40430658935
T1194057,49776.29037125838
T1194058,56606.57429560459
T1194059,54638.87161249878
T1194060,34099.097548254766
T1194061,58209.32136064083
T1194062,34322.7780778041
T1194063,39555.36428896106
T1194064,47995.65436011355
T1194065,43822.51870516535
T1194066,33341.10956651777
T1194067,42355.97516198915
T1194068,39613.8025351671
T1194069,56774.39996259278
T1194070,48312.865048283
T1194071,44338.0364348646
T1194072,29908.64661134092
T1194073,47344.832095311824
T1194074,27955.981343974825
T1194075,64144.66321268899
T1194076,58792.238068835046
T1194077,31332.805423108137
T1194078,37193.64638828805
T1194079,54548.844603920625
T1194080,35464.11485850142
T1194081,38005.81487841274
T1194082,38022.26466154288
T1194083,63830.573090108395
T1194084,36248.02874245979
T1194085,36046.86511951604
T1194086,28214.944758640766
T1194087,36381.295869231646
T1194088,43209.01418160929
T1194089,44338.0364348646
T1194090,32260.43947218315
T1194091,54927.76362203198
T1194092,36075.289054322406
T1194093,29031.00119546211
T1194094,46165.24085020707
T1194095,38305.15968885876
T1194096,36463.95981416438
T1194097,23467.708502714468
T1194098,61117.51392558786
T1194099,38022.26466154288
T1194100,38005.81487841274
T1194101,31954.092582765395
T1194102,37851.65127085098
T1194103,68095.91234128331
T1194104,29402.318371158355
T1194105,23911.57735691344
T1194106,53831.19745459688
T1194107,35328.025317663254
T1194108,48018.37409664175
T1194109,36248.02874245979
T1194110,44208.74946052712
T1194111,54458.73228088491
T1194112,55081.54434060155
T1194113,27650.758680638937
T1194114,56304.01633347786
T1194115,56904.37280016225
T1194116,34268.044920738976
T1194117,34446.6751328251
T1194118,42807.90120451085
T1194119,68043.44861147457
T1194120,63489.30417113986
T1194121,40040.98091511779
T1194122,36289.39868848329
T1194123,42951.81781928032
T1194124,48341.39417475316
T1194125,43619.899962621916
T1194126,63923.0503795001
T1194127,24070.378507785674
T1194128,36236.802819163466
T1194129,29208.293932032935
T1194130,43211.67337267512
T1194131,44595.18807882656
T1194132,36411.08593563937
T1194133,23389.4914570563
T1194134,67993.12724209197
T1194135,56903.03857520567
T1194136,34247.358701344376
T1194137,36842.60279292055
T1194138,57965.17749337416
T1194139,27342.894532066875
T1194140,35670.43047601136
T1194141,37205.266015553665
T1194142,38534.741302328446
T1194143,68457.2515515513
T1194144,31316.15111380762
T1194145,68404.63969446649
T1194146,57338.827172956975
T1194147,48659.62185222018
T1194148,35955.099552051164
T1194149,46758.45142881017
T1194150,45500.27977196566
T1194151,43259.19396268186
T1194152,42848.49130652144
T1194153,37168.226627125565
T1194154,23899.33376721022
T1194155,35927.09289662099
T1194156,35299.797961468204
T1194157,38534.741302328446
T1194158,64545.49330123678
T1194159,31820.934506303238
T1194160,37027.12994514892
T1194161,46178.499755272554
T1194162,32820.118931520214
T1194163,23587.319557432846
T1194164,23341.166976671688
T1194165,44388.61059785752
T1194166,82066.92563644571
T1194167,34662.275616591505
T1194168,39890.901383840675
T1194169,56534.74068071795
T1194170,66818.49706423859
T1194171,29763.60116452108
T1194172,47248.83757262846
T1194173,47187.75806346092
T1194174,66595.28612699058
T1194175,39282.56578160581
T1194176,34809.15221567507
T1194177,45191.29710038848
T1194178,35962.19054127945
T1194179,45385.46743463536
T1194180,44619.78337476004
T1194181,35927.09289662099
T1194182,38305.15968885876
T1194183,45514.299979857045
T1194184,40801.4767804374
T1194185,42177.908622765295
T1194186,33341.10956651777
T1194187,40171.603504837774
T1194188,56319.72120284857
T1194189,55232.111575974275
T1194190,36411.08593563937
T1194191,54818.14464393636
T1194192,43427.42472800412
T1194193,47513.15829656776
T1194194,31820.934506303238
T1194195,23389.4914570563
T1194196,40040.98091511779
T1194197,48727.50110248284
T1194198,55361.43927482828
T1194199,35152.12834525796
T1194200,29712.482275672213
T1194201,63791.42524281388
T1194202,28076.40430658935
T1194203,24000.33520904229
T1194204,29376.93971318336
T1194205,29280.11539552598
T1194206,36636.76484441703
T1194207,36534.43996918213
T1194208,66580.08518352629
T1194209,27746.919865256623
T1194210,57207.43612614237
T1194211,32912.17391005159
T1194212,34334.4041987478
T1194213,54932.76061370122
T1194214,36739.64885750329
T1194215,55097.06666635318
T1194216,55803.08970472991
T1194217,43259.19396268186
T1194218,56056.43493560692
T1194219,34268.044920738976
T1194220,63917.923758799145
T1194221,38022.26466154288
T1194222,28812.85227663952
T1194223,45538.959052679624
T1194224,56424.80597853025
T1194225,63825.45042129369
T1194226,29864.683808041005
T1194227,30802.415445578234
T1194228,29184.424987529223
T1194229,39890.901383840675
T1194230,39503.139176337354
T1194231,54938.53337961352
T1194232,57976.26046265407
T1194233,46871.47164573158
T1194234,54774.82892808259
T1194235,32847.892749556726
T1194236,64461.975295458156
T1194237,36945.29421816836
T1194238,36236.802819163466
T1194239,44338.0364348646
T1194240,63484.19610917857
T1194241,33742.13019454458
T1194242,45381.195709182786
T1194243,36657.251037056354
T1194244,34590.40476084883
T1194245,29763.60116452108
T1194246,33244.97361034335
T1194247,39282.56578160581
T1194248,35927.09289662099
T1194249,39374.632970018705
T1194250,32820.118931520214
T1194251,30292.533094376344
T1194252,33557.15762958749
T1194253,66813.24803350522
T1194254,64540.34015052694
T1194255,36677.31015438829
T1194256,38534.741302328446
T1194257,42355.97516198915
T1194258,56534.74068071795
T1194259,42115.49717002892
T1194260,35927.09289662099
T1194261,54345.054342820295
T1194262,57095.298288020196
T1194263,47814.05979421674
T1194264,47159.654652942176
T1194265,42951.81781928032
T1194266,34874.319263631194
T1194267,48351.878499995764
T1194268,55136.43222531609
T1194269,65979.5329311623
T1194270,29208.293932032935
T1194271,48319.65314610411
T1194272,56224.92932064618
T1194273,67977.75716292145
T1194274,56918.83221614228
T1194275,32670.457225518257
T1194276,68451.93433740191
T1194277,66361.42068784263
T1194278,37205.266015553665
T1194279,33990.42523591305
T1194280,38534.741302328446
T1194281,42512.39058684446
T1194282,36863.242889125715
T1194283,64139.527132535695
T1194284,43619.899962621916
T1194285,46772.67680449538
T1194286,45650.51524558801
T1194287,67003.62329824535
T1194288,55617.441285181274
T1194289,48032.802356118795
T1194290,36739.64885750329
T1194291,64849.13326555094
T1194292,54454.0250713322
T1194293,27650.758680638937
T1194294,42848.49130652144
T1194295,35955.099552051164
T1194296,39374.632970018705
T1194297,31954.092582765395
T1194298,43527.166615206734
T1194299,37508.575186860784
T1194300,36046.86511951604
T1194301,36381.295869231646
T1194302,44536.39234492164
T1194303,44598.16854310357
T1194304,32260.43947218315
T1194305,29031.00119546211
T1194306,40013.04276050575
T1194307,36463.95981416438
T1194308,63156.53080127912
T1194309,47344.832095311824
T1194310,55229.65823231738
T1194311,35306.96231817624
T1194312,34099.097548254766
T1194313,43962.33538867285
T1194314,34322.7780778041
T1194315,42885.58562812822
T1194316,49771.80326947332
T1194317,37168.226627125565
T1194318,58220.429168602146
T1194319,27674.801919399735
T1194320,44819.77144430491
T1194321,42355.97516198915
T1194322,35509.22315937152
T1194323,33041.66410350257
T1194324,48312.865048283
T1194325,62521.23974003932
T1194326,32474.085038503043
T1194327,54862.968622976754
T1194328,47995.65436011355
T1194329,28542.297744580268
T1194330,31996.821171030217
T1194331,38305.15968885876
T1194332,57007.15692816535
T1194333,45648.84210888665
T1194334,36075.289054322406
T1194335,23296.128867076644
T1194336,55383.32585655299
T1194337,64332.06727336626
T1194338,38997.33682713703
T1194339,37613.00344514741
T1194340,33158.4993030351
T1194341,38005.81487841274
T1194342,47721.08419128911
T1194343,53799.67949174236
T1194344,39291.86256275069
T1194345,35013.385462065606
T1194346,37065.88945842589
T1194347,35578.06590402362
T1194348,26786.41913132715
T1194349,40552.65180026409
T1194350,27890.432445967348
T1194351,54301.69886933533
T1194352,26671.794436443128
T1194353,54899.95383386624
T1194354,38030.15398262525
T1194355,45027.11424613128
T1194356,58808.30885532674
T1194357,35921.75852913373
T1194358,23341.166976671688
T1194359,29382.258247777616
T1194360,47032.62978035231
T1194361,56774.39996259278
T1194362,37193.64638828805
T1194363,34247.358701344376
T1194364,40988.8392320096
T1194365,35906.05081028714
T1194366,39549.64944061192
T1194367,33080.65709684007
T1194368,64578.82837137609
T1194369,30654.631545565004
T1194370,56402.52135658429
T1194371,48024.67376750828
T1194372,43928.50138881353
T1194373,64139.527132535695
T1194374,56774.39996259278
T1194375,40904.49198357101
T1194376,57349.84619411595
T1194377,45191.29710038848
T1194378,31880.60801225071
T1194379,48747.95564853801
T1194380,47653.6296139508
T1194381,35681.868993051125
T1194382,39273.23473259636
T1194383,64230.64950851029
T1194384,55481.70416613526
T1194385,43771.99182839166
T1194386,37027.12994514892
T1194387,39406.233730726715
T1194388,35962.19054127945
T1194389,28214.944758640766
T1194390,29295.913127649026
T1194391,66128.83630469516
T1194392,23587.319557432846
T1194393,34122.00944988146
T1194394,43209.01418160929
T1194395,36194.277039937595
T1194396,34411.0658899597
T1194397,43822.51870516535
T1194398,43211.67337267512
T1194399,34739.790849904835
T1194400,44338.0364348646
T1194401,37851.65127085098
T1194402,44006.88480784611
T1194403,36231.16364586754
T1194404,57518.22834009848
T1194405,45538.959052679624
T1194406,32723.523815927496
T1194407,38022.26466154288
T1194408,66346.79167354
T1194409,47995.65436011355
T1194410,54706.727599026985
T1194411,30999.603238929016
T1194412,58721.91796139245
T1194413,30023.45842432373
T1194414,53341.68778296229
T1194415,23899.33376721022
T1194416,35328.025317663254
T1194417,54530.09627856183
T1194418,42616.33683142315
T1194419,46192.63088402551
T1194420,47183.39680417002
T1194421,44619.78337476004
T1194422,35464.11485850142
T1194423,37205.266015553665
T1194424,34488.16781175241
T1194425,29038.506863978066
T1194426,68090.61009519125
T1194427,54704.81929013105
T1194428,29402.318371158355
T1194429,38072.8174447985
T1194430,68038.14854171452
T1194431,23287.67990000177
T1194432,42807.90120451085
T1194433,37270.9409121912
T1194434,37223.11419160457
T1194435,36075.289054322406
T1194436,27955.981343974825
T1194437,31316.15111380762
T1194438,37710.314939592055
T1194439,46165.24085020707
T1194440,82061.06924161447
T1194441,42502.527475184645
T1194442,36482.64635151307
T1194443,68399.32465740161
T1194444,39001.35465722068
T1194445,61128.913947709785
T1194446,36863.242889125715
T1194447,33782.78749020438
T1194448,39613.8025351671
T1194449,45943.56492936298
T1194450,44388.61059785752
T1194451,36194.277039937595
T1194452,45920.78444928539
T1194453,43566.70827930852
T1194454,44619.78337476004
T1194455,22374.05857460534
T1194456,48341.39417475316
T1194457,35927.09289662099
T1194458,56606.57429560459
T1194459,45488.55988292787
T1194460,38005.81487841274
T1194461,40816.496384565406
T1194462,37613.00344514741
T1194463,34662.275616591505
T1194464,38810.73875073626
T1194465,56918.83221614228
T1194466,47124.216394799565
T1194467,35299.797961468204
T1194468,52309.11175605302
T1194469,57976.26046265407
T1194470,40511.70379894113
T1194471,54548.844603920625
T1194472,63767.087146946
T1194473,45142.03892912811
T1194474,24070.378507785674
T1194475,36248.02874245979
T1194476,45663.48875941032
T1194477,34874.319263631194
T1194478,35243.52405401718
T1194479,36289.39868848329
T1194480,40816.496384565406
T1194481,39613.8025351671
T1194482,23287.67990000177
T1194483,35670.43047601136
T1194484,57574.75998095214
T1194485,53826.51921557578
T1194486,44465.950090372724
T1194487,41269.79111307158
T1194488,46682.91171150033
T1194489,31332.805423108137
T1194490,58069.58825300962
T1194491,37651.4598007498
T1194492,56915.347273156185
T1194493,48674.15241548585
T1194494,36274.05926996477
T1194495,57107.257376982976
T1194496,39410.79586270082
T1194497,37520.497137122016
T1194498,43384.87831726468
T1194499,47263.14221467146
T1194500,63314.65245707533
T1194501,23467.708502714468
T1194502,45390.04240796004
T1194503,47183.39680417002
T1194504,36381.295869231646
T1194505,36636.76484441703
T1194506,39555.36428896106
T1194507,30930.668214109897
T1194508,55236.88975442848
T1194509,44146.32844403936
T1194510,34446.6751328251
T1194511,44532.953953165794
T1194512,31769.008132008956
T1194513,44338.0364348646
T1194514,66063.05202092617
T1194515,42355.97516198915
T1194516,36842.60279292055
T1194517,56363.11650847495
T1194518,44609.05905080579
T1194519,55869.7339176475
T1194520,43978.52338310892
T1194521,42983.16470438379
T1194522,64846.55455289383
T1194523,40305.20241601659
T1194524,39203.21792565663
T1194525,54654.327370725434
T1194526,41327.92970137012
T1194527,44208.74946052712
T1194528,34809.15221567507
T1194529,47912.33062146404
T1194530,31311.574556873253
T1194531,39941.607647161865
T1194532,35013.385462065606
T1194533,32500.130908317267
T1194534,65958.08827725555
T1194535,77178.98157481
T1194536,40040.98091511779
T1194537,24026.469295489034
T1194538,36248.02874245979
T1194539,55784.83748403377
T1194540,35962.19054127945
T1194541,40255.09614429216
T1194542,36285.29133898966
T1194543,62521.23974003932
T1194544,36808.19539772702
T1194545,27342.894532066875
T1194546,47071.275725804146
T1194547,64221.23089439864
T1194548,67168.55356637899
T1194549,53399.05596718699
T1194550,37627.709247929466
T1194551,27371.10850763818
T1194552,41880.9186763776
T1194553,36117.05820988029
T1194554,42898.5916786538
T1194555,27585.477721215877
T1194556,47387.23207262674
T1194557,46131.82542602579
T1194558,65291.20451540766
T1194559,75904.68555627303
T1194560,43875.605674489576
T1194561,55511.13580244007
T1194562,41535.91937971037
T1194563,27737.520594773207
T1194564,34625.00525687009
T1194565,35673.169606420015
T1194566,31376.17350094167
T1194567,27466.547749513004
T1194568,54236.16270363109
T1194569,29307.64677988692
T1194570,37139.58384979021
T1194571,44643.551217988104
T1194572,45104.84038212852
T1194573,40014.36974417622
T1194574,39523.938870896614
T1194575,40591.83768994712
T1194576,31882.86520481248
T1194577,42740.139098333144
T1194578,46338.304874794696
T1194579,62770.18348686219
T1194580,31710.338202723742
T1194581,55486.67600812063
T1194582,37026.104679314594
T1194583,47424.83739417988
T1194584,47158.53975316698
T1194585,28891.363654556204
T1194586,40791.011787151736
T1194587,56395.456220817454
T1194588,52568.91536870038
T1194589,31528.602927779917
T1194590,52932.342098582696
T1194591,57354.026975658744
T1194592,54999.7359782756
T1194593,55715.67253394633
T1194594,32858.739612077385
T1194595,52323.012942072564
T1194596,35335.092779332146
T1194597,27835.5959419578
T1194598,61303.38772244025
T1194599,32679.541914953046
T1194600,35601.53179431525
T1194601,44435.610194613495
T1194602,32234.164417333406
T1194603,33952.6931151203
T1194604,45350.34792713767
T1194605,67869.97736226495
T1194606,28138.61226729766
T1194607,33561.144895823156
T1194608,63895.41427339691
T1194609,43336.47081406788
T1194610,51162.56175084031
T1194611,41776.42326423755
T1194612,39452.97039027139
T1194613,35627.88156200076
T1194614,37498.40684299808
T1194615,40117.555687610155
T1194616,43891.62107454108
T1194617,45381.40575300711
T1194618,62664.470340215725
T1194619,33404.093918058985
T1194620,44774.688609098375
T1194621,46765.560503472574
T1194622,34658.37330441493
T1194623,42248.34753949717
T1194624,28247.837831551944
T1194625,47071.275725804146
T1194626,35928.66365918086
T1194627,54679.88114446
T1194628,30864.69332090483
T1194629,39447.890362347636
T1194630,42489.843298882864
T1194631,43266.61350267454
T1194632,30899.381443773247
T1194633,27316.08409767584
T1194634,47785.82694367343
T1194635,35277.29397587742
T1194636,43516.12029778915
T1194637,53902.68222697685
T1194638,35526.88868291919
T1194639,71641.06345597535
T1194640,54781.47837212534
T1194641,54590.10637129107
T1194642,57446.82009775193
T1194643,47497.05771920829
T1194644,55864.20134158285
T1194645,38539.900233995635
T1194646,34075.76394473238
T1194647,34105.380214031844
T1194648,56222.35141903483
T1194649,35473.7094433198
T1194650,28709.66971561202
T1194651,35383.57814080491
T1194652,35383.57814080491
T1194653,28816.14915108975
T1194654,40261.432528951984
T1194655,36411.79953912352
T1194656,34725.73276307325
T1194657,29279.543642616296
T1194658,57354.026975658744
T1194659,35948.938018662186
T1194660,41597.87203108332
T1194661,32315.888357968186
T1194662,35383.72466653334
T1194663,23117.759448017416
T1194664,40714.598639687836
T1194665,52463.59634164011
T1194666,44226.93243341708
T1194667,43870.168454775
T1194668,44271.312402726006
T1194669,54009.59729207239
T1194670,52104.398787571175
T1194671,30567.994911424666
T1194672,65225.86549580012
T1194673,34404.34713100966
T1194674,65209.025635175734
T1194675,46547.62335753005
T1194676,65601.22208248546
T1194677,61852.30754550113
T1194678,42849.561140609636
T1194679,46608.866469871056
T1194680,42010.688063873306
T1194681,66574.20454702123
T1194682,33603.33073757426
T1194683,56316.369711350795
T1194684,43021.32685416258
T1194685,42489.843298882864
T1194686,36036.216030848496
T1194687,29188.928875846294
T1194688,38793.18685767926
T1194689,35605.74463263092
T1194690,23634.299609395395
T1194691,54541.3238693472
T1194692,34404.34713100966
T1194693,67998.80041206
T1194694,44486.23325304798
T1194695,53417.596164698
T1194696,53491.72823213438
T1194697,62911.679837664524
T1194698,36138.11596957972
T1194699,47447.985733193505
T1194700,29794.305410578385
T1194701,41336.89586923618
T1194702,63435.42558046602
T1194703,38276.89124886415
T1194704,41969.03440364778
T1194705,40312.71036816407
T1194706,28323.636365372266
T1194707,56271.43359520629
T1194708,38377.75577843486
T1194709,79344.56921217874
T1194710,31897.378110259095
T1194711,35383.57814080491
T1194712,26894.65951668435
T1194713,46399.047588207904
T1194714,39501.31779909483
T1194715,54874.239496330854
T1194716,54028.466806094526
T1194717,44840.92423720809
T1194718,52295.83837368262
T1194719,63228.585585887944
T1194720,44028.368806021
T1194721,43906.58035498944
T1194722,42849.561140609636
T1194723,37544.49348182005
T1194724,44560.794528798855
T1194725,22865.08297857551
T1194726,44301.05961289442
T1194727,37540.75160537858
T1194728,61956.31770304589
T1194729,53345.34129571092
T1194730,67519.72427118625
T1194731,34958.82246564759
T1194732,53909.268312063235
T1194733,42692.60687273867
T1194734,42369.74197652703
T1194735,42139.58823198787
T1194736,35473.7094433198
T1194737,42915.01979874414
T1194738,33275.578067702634
T1194739,60117.60808906317
T1194740,40450.368528066014
T1194741,36439.9566872564
T1194742,62708.88040213467
T1194743,43547.28251688338
T1194744,26497.836356768323
T1194745,38359.36007365568
T1194746,73769.94022330812
T1194747,53414.82604632858
T1194748,54839.03962252094
T1194749,55402.26631882222
T1194750,44851.02287789968
T1194751,65307.53340572307
T1194752,37138.324664163745
T1194753,63133.53155672703
T1194754,33947.41219567385
T1194755,31531.100862743107
T1194756,43310.40496330097
T1194757,53491.72823213438
T1194758,47310.887874220665
T1194759,46602.53126825966
T1194760,44851.02287789968
T1194761,29776.102874361575
T1194762,43190.16386608986
T1194763,41880.9186763776
T1194764,42766.584256713126
T1194765,54152.94699567069
T1194766,48130.99373569341
T1194767,56076.085474524625
T1194768,54924.38997165597
T1194769,56188.05559655974
T1194770,40406.100443169504
T1194771,62911.679837664524
T1194772,54115.20465353571
T1194773,35696.56903226666
T1194774,30295.510507835435
T1194775,46757.44980966692
T1194776,38725.872804862025
T1194777,22931.278833726494
T1194778,35680.47590250711
T1194779,34811.49158039288
T1194780,36451.450308256026
T1194781,33730.172578360856
T1194782,53116.460034310076
T1194783,43676.80312144403
T1194784,53204.21459753434
T1194785,33814.891578648414
T1194786,35489.98791150268
T1194787,34331.11538902279
T1194788,42346.75390390778
T1194789,36640.83128442986
T1194790,33514.50083107997
T1194791,42664.363768710646
T1194792,62244.93148912943
T1194793,33764.63967792708
T1194794,34727.65102900064
T1194795,43891.62107454108
T1194796,41880.9186763776
T1194797,38670.74921963311
T1194798,28800.489767552503
T1194799,39323.444782064784
T1194800,30457.341508979534
T1194801,62723.19239259883
T1194802,33603.95480594551
T1194803,38138.41306691334
T1194804,53687.48557271524
T1194805,33768.92561853309
T1194806,42684.91205901791
T1194807,28291.059933211527
T1194808,43676.80312144403
T1194809,33884.96983234296
T1194810,56271.43359520629
T1194811,35884.08389937687
T1194812,55457.026031445355
T1194813,31175.163870266115
T1194814,36555.54004362876
T1194815,63527.72078987309
T1194816,43126.7356720837
T1194817,43676.80312144403
T1194818,56557.16496564227
T1194819,38164.10676342578
T1194820,62701.34673164688
T1194821,66176.70945942434
T1194822,38830.511344074046
T1194823,35922.95337859068
T1194824,67869.97736226495
T1194825,47373.752386102504
T1194826,54746.86399600695
T1194827,47981.01788489296
T1194828,40312.71036816407
T1194829,23405.22121759978
T1194830,34371.69311154612
T1194831,45848.042063870686
T1194832,43102.19419093119
T1194833,56415.80736563219
T1194834,32463.55891789117
T1194835,37543.70612001062
T1194836,35502.893825852465
T1194837,31530.363212243396
T1194838,43408.8507085352
T1194839,63770.28952325508
T1194840,53642.27669265593
T1194841,37543.70612001062
T1194842,32645.634936279082
T1194843,53962.244867413545
T1194844,42605.1787109839
T1194845,43213.447571082696
T1194846,35301.082974881094
T1194847,38778.51129267377
T1194848,53934.55244836457
T1194849,36036.216030848496
T1194850,32136.306864248167
T1194851,29160.669645738828
T1194852,32357.54010902356
T1194853,39763.33904870338
T1194854,35059.59211432695
T1194855,36909.89175550983
T1194856,55715.67253394633
T1194857,65013.208706943275
T1194858,28037.812355324088
T1194859,46734.9338889406
T1194860,37544.49348182005
T1194861,27442.8040962071
T1194862,65916.96241565695
T1194863,37627.709247929466
T1194864,52508.87560913495
T1194865,43694.47637203574
T1194866,54099.23633232649
T1194867,43296.984396219195
T1194868,58225.90843415608
T1194869,30986.168716201915
T1194870,28709.10244998446
T1194871,38143.86924153911
T1194872,39648.35989163718
T1194873,43216.076145648796
T1194874,44370.58366224712
T1194875,36450.214707900566
T1194876,47287.371202299924
T1194877,37035.92680623038
T1194878,42517.20521855867
T1194879,40099.593880275264
T1194880,23505.106096056134
T1194881,55342.5630001737
T1194882,38861.843490007355
T1194883,30606.41901230326
T1194884,47018.84821522491
T1194885,67391.38566930595
T1194886,56096.95122846783
T1194887,46734.9338889406
T1194888,56329.54117425539
T1194889,47800.61072007661
T1194890,65173.634302907485
T1194891,33802.68260393469
T1194892,42740.139098333144
T1194893,36337.216777110196
T1194894,42261.498275249025
T1194895,43803.69780465122
T1194896,35928.66365918086
T1194897,32529.766571454595
T1194898,36451.450308256026
T1194899,34727.93139269989
T1194900,54306.76996608395
T1194901,26776.074121243535
T1194902,57076.08856004997
T1194903,42332.88603248246
T1194904,39648.35989163718
T1194905,42542.05772634007
T1194906,36158.54492724511
T1194907,34020.27553115352
T1194908,55308.56085089816
T1194909,28423.013086427934
T1194910,39767.55452348323
T1194911,46672.85447688744
T1194912,41208.518883763376
T1194913,42538.10831615892
T1194914,70915.80503069052
T1194915,34978.40568944408
T1194916,46709.53584841147
T1194917,35362.35267487538
T1194918,61762.709023610376
T1194919,29047.24999107349
T1194920,61484.647315173745
T1194921,39213.83674938423
T1194922,42099.37799146007
T1194923,30175.186349500516
T1194924,41916.60238229655
T1194925,30527.06742087833
T1194926,38943.3633263372
T1194927,27505.108290130556
T1194928,53269.765073081
T1194929,35026.571193794036
T1194930,62631.33442451743
T1194931,53769.58369679368
T1194932,47578.65080553587
T1194933,61600.54519769286
T1194934,64926.507563295214
T1194935,46403.17751011178
T1194936,35735.61512826207
T1194937,42488.81946433296
T1194938,55059.60066723207
T1194939,53108.29199963426
T1194940,34091.3358731138
T1194941,43611.361506356196
T1194942,45916.926810456134
T1194943,53812.387094126774
T1194944,41802.835128833496
T1194945,32287.128067932277
T1194946,37817.510906141986
T1194947,46828.666101908624
T1194948,42499.011128586586
T1194949,34720.4757949487
T1194950,55254.833366252584
T1194951,41633.75339147871
T1194952,34739.8253113612
T1194953,44359.106070149595
T1194954,37237.30561768026
T1194955,44034.924317168734
T1194956,46140.020140106826
T1194957,31281.247673094567
T1194958,42239.43879489402
T1194959,37776.171518754665
T1194960,29711.07860368858
T1194961,55579.10420953646
T1194962,27540.408105736173
T1194963,27637.284945988144
T1194964,33780.33334519382
T1194965,41756.462941961654
T1194966,39485.864878173124
T1194967,41270.46835543528
T1194968,23370.3432735733
T1194969,33320.49478668717
T1194970,32965.660614758264
T1194971,27045.051326310444
T1194972,44166.4247763597
T1194973,26305.7800496038
T1194974,46819.01302131938
T1194975,39266.12114281151
T1194976,55404.616700797254
T1194977,38943.3633263372
T1194978,52631.43420638789
T1194979,59930.84056410734
T1194980,57518.97450350087
T1194981,39847.10115448559
T1194982,32807.3955700885
T1194983,54292.01415354152
T1194984,61206.23576378505
T1194985,53194.11906919972
T1194986,34790.050137560786
T1194987,46076.59269044975
T1194988,53514.19077967384
T1194989,64268.07851201497
T1194990,42888.092822510145
T1194991,53619.3740832846
T1194992,31552.58952359233
T1194993,27659.662571301833
T1194994,42138.26285372486
T1194995,37115.103241908066
T1194996,51704.8655882747
T1194997,41567.2132812287
T1194998,34240.0627161522
T1194999,29537.760853890904
T1195000,35713.71931745945
T1195001,53027.795436833556
T1195002,28094.61462260401
T1195003,39253.574051491574
T1195004,34579.91209911785
T1195005,42538.90215558252
T1195006,34739.8253113612
T1195007,34739.8253113612
T1195008,34739.8253113612
T1195009,42425.76640326544
T1195010,43914.35111874071
T1195011,27931.518161002885
T1195012,34790.050137560786
T1195013,32210.20148259682
T1195014,41756.462941961654
T1195015,55144.83108244996
T1195016,33242.681641742434
T1195017,46030.50422410544
T1195018,33473.03725740421
T1195019,37139.563543233955
T1195020,23048.066400276537
T1195021,35848.4501737545
T1195022,40785.71482778953
T1195023,53443.452009085166
T1195024,38070.3848564553
T1195025,54961.20251649485
T1195026,34380.49836160001
T1195027,22884.194580165535
T1195028,35261.56744169079
T1195029,33881.04857749171
T1195030,31677.931794995417
T1195031,54330.94012070493
T1195032,38994.218623934146
T1195033,40935.236509278286
T1195034,34556.3832471431
T1195035,53748.18084483389
T1195036,28682.03419168832
T1195037,28593.3658388551
T1195038,42351.28742226307
T1195039,56618.6314124187
T1195040,35049.56355880484
T1195041,38745.80315665035
T1195042,35423.692291799314
T1195043,30700.4412286969
T1195044,33982.46894983298
T1195045,38810.679266825486
T1195046,39392.34808642836
T1195047,46348.863524169945
T1195048,30137.8740992703
T1195049,44497.16459149775
T1195050,36179.13979275235
T1195051,42408.909987017134
T1195052,55655.0535421185
T1195053,26033.264616122055
T1195054,36282.937114083164
T1195055,37776.171518754665
T1195056,44675.377804379146
T1195057,42761.96081782265
T1195058,46828.666101908624
T1195059,61489.07397170424
T1195060,54661.59046521294
T1195061,27468.350920763656
T1195062,35665.73838527335
T1195063,56618.6314124187
T1195064,63542.82813055271
T1195065,39541.88104587553
T1195066,41208.518883763376
T1195067,37820.73329103401
T1195068,30870.388167076377
T1195069,38333.225867392764
T1195070,23470.148922756813
T1195071,72503.78845388169
T1195072,29344.664067113783
T1195073,30984.693371296777
T1195074,54128.581043434744
T1195075,53182.18998807375
T1195076,62349.931270759276
T1195077,62606.58330788607
T1195078,35155.25364701563
T1195079,33362.966113269744
T1195080,61774.53300010092
T1195081,35293.00938063431
T1195082,26912.961208854365
T1195083,26967.551800735044
T1195084,37202.479124286634
T1195085,36353.313266324665
T1195086,47114.425234378854
T1195087,55020.32765128236
T1195088,34872.16135218959
T1195089,42025.09171831164
T1195090,44166.4247763597
T1195091,31902.01348906772
T1195092,42025.09171831164
T1195093,54255.384543339525
T1195094,42691.63358595175
T1195095,52870.99171444099
T1195096,35400.916385423225
T1195097,34842.68119058795
T1195098,37115.103241908066
T1195099,78084.35591825772
T1195100,47324.61284062583
T1195101,57157.68819332199
T1195102,53768.529615126354
T1195103,33924.03395079816
T1195104,61485.04654211513
T1195105,27980.40427963723
T1195106,46837.18574993308
T1195107,66799.14829920932
T1195108,38776.34448990807
T1195109,38308.19063304002
T1195110,35155.25364701563
T1195111,41194.626455338985
T1195112,29384.65795369231
T1195113,46205.64795842212
T1195114,55530.09328048111
T1195115,54685.758383870394
T1195116,34672.33175547288
T1195117,42867.36129902983
T1195118,52040.070141462966
T1195119,66172.66581029617
T1195120,31268.35862669129
T1195121,37171.99089357565
T1195122,30373.180856759354
T1195123,46676.57950798119
T1195124,35741.32137819043
T1195125,39842.27605612981
T1195126,52325.16062128158
T1195127,55391.072243813
T1195128,32147.507405325505
T1195129,42207.326857150045
T1195130,36271.66087016012
T1195131,35413.862021484245
T1195132,37650.81583558897
T1195133,62977.054025334495
T1195134,38963.82566017731
T1195135,33304.43000176395
T1195136,61264.22611294278
T1195137,52631.43420638789
T1195138,52390.48318051101
T1195139,33617.90289723382
T1195140,54419.36564559802
T1195141,61498.28230032276
T1195142,33889.61295553536
T1195143,35021.29113760602
T1195144,54114.37024044483
T1195145,29787.00137349128
T1195146,44599.628298542164
T1195147,34105.88698540779
T1195148,30875.5389644625
T1195149,42233.15509289479
T1195150,35248.690543462384
T1195151,42867.36129902983
T1195152,49811.45585744688
T1195153,56080.32160539194
T1195154,27640.66651425227
T1195155,55579.10420953646
T1195156,31232.38227154064
T1195157,53257.601290110535
T1195158,27143.632488747768
T1195159,37115.103241908066
T1195160,66103.6554888754
T1195161,28199.90623313123
T1195162,43046.65608003231
T1195163,64014.22745088009
T1195164,51104.97412741636
T1195165,27970.182319037438
T1195166,36825.54323314234
T1195167,38807.352804075774
T1195168,46425.806803673564
T1195169,41880.62858689676
T1195170,40873.81166814293
T1195171,43512.99913317776
T1195172,31297.090276558025
T1195173,46449.06252788327
T1195174,41484.05151680071
T1195175,54661.59046521294
T1195176,39686.294608143726
T1195177,51531.55086038239
T1195178,55823.7694630953
T1195179,35700.348846743924
T1195180,43469.02579627564
T1195181,45396.359507478985
T1195182,62354.15198195271
T1195183,53345.12981095708
T1195184,43734.64307270462
T1195185,27279.4058559219
T1195186,30539.857124116406
T1195187,38201.17574045134
T1195188,32349.740733309707
T1195189,26188.58624311752
T1195190,46758.68979477343
T1195191,54757.433161127214
T1195192,55579.10420953646
T1195193,31617.972739690038
T1195194,74880.93455856746
T1195195,28139.175919778856
T1195196,28206.029365733757
T1195197,52343.50129113246
T1195198,27227.917700567206
T1195199,31793.483987089385
T1195200,30641.97399633845
T1195201,43760.36021358248
T1195202,35943.41151211756
T1195203,63872.94349534543
T1195204,31918.896002798727
T1195205,41622.22805666156
T1195206,41208.518883763376
T1195207,42099.37799146007
T1195208,41918.00592921172
T1195209,53896.057132628994
T1195210,43056.4415448748
T1195211,55317.79275612531
T1195212,52896.316427759775
T1195213,26616.627190136493
T1195214,42867.36129902983
T1195215,30112.936853798074
T1195216,33617.90289723382
T1195217,46449.06252788327
T1195218,42513.23137660798
T1195219,41715.344049102125
T1195220,22766.834002752432
T1195221,52454.26169007252
T1195222,38188.12996786084
T1195223,45776.98356969384
T1195224,43936.32829679859
T1195225,34287.93854431764
T1195226,66233.22785895067
T1195227,60725.26306750316
T1195228,33954.6318337712
T1195229,37214.13897341666
T1195230,34979.7837732968
T1195231,60769.73289630646
T1195232,43193.41048325989
T1195233,23611.446456994472
T1195234,43022.47783209806
T1195235,41923.55602718321
T1195236,43542.47389047445
T1195237,56618.6314124187
T1195238,30875.5389644625
T1195239,66360.38743347317
T1195240,33678.311808141436
T1195241,47272.46473952675
T1195242,61081.484949752965
T1195243,43702.98271726547
T1195244,36703.40490216271
T1195245,33047.94994102147
T1195246,61868.492015573866
T1195247,28603.606723092962
T1195248,55352.688050056786
T1195249,66926.88518534365
T1195250,51321.54477874524
T1195251,39194.2028591301
T1195252,45811.65876887433
T1195253,54265.277286065146
T1195254,34889.37087492032
T1195255,64881.047064234655
T1195256,51190.540208387254
T1195257,53219.92615969552
T1195258,35700.348846743924
T1195259,28754.794775181206
T1195260,26829.974969696752
T1195261,33412.433829426554
T1195262,52234.47162365537
T1195263,32923.28589563057
T1195264,38714.82105254647
T1195265,27734.984058541206
T1195266,34201.36985858862
T1195267,33497.73878924636
T1195268,37861.40209358071
T1195269,28079.165349810097
T1195270,43177.53130327336
T1195271,34862.358088541645
T1195272,34432.28556418369
T1195273,43483.175690043725
T1195274,52321.44730641298
T1195275,35261.56744169079
T1195276,31053.275526082176
T1195277,42284.236507007816
T1195278,39014.10547153912
T1195279,35319.95568698561
T1195280,43593.2998905586
T1195281,28699.486274409526
T1195282,51399.924257305465
T1195283,42625.2132716017
T1195284,55501.14481154981
T1195285,41876.761933730966
T1195286,33379.6355802168
T1195287,56358.761478366476
T1195288,37132.84457795463
T1195289,35126.1306296568
T1195290,46456.395507554655
T1195291,31215.42419392591
T1195292,27940.11767121362
T1195293,45504.83737529875
T1195294,56569.43045784715
T1195295,34919.260010837934
T1195296,46655.645512492614
T1195297,70729.78139230245
T1195298,52940.609412212005
T1195299,64000.36794502043
T1195300,23496.999277472343
T1195301,43776.491058204825
T1195302,35575.12781728875
T1195303,29975.30594454738
T1195304,66866.02672766024
T1195305,34228.85066147299
T1195306,30560.101082979996
T1195307,47461.42166459114
T1195308,54666.651811087424
T1195309,42953.67385446647
T1195310,23573.730511939466
T1195311,66472.0327401356
T1195312,46938.72609510774
T1195313,41776.13001599165
T1195314,51994.4250618421
T1195315,53390.76518571402
T1195316,62821.715431713754
T1195317,65865.53257918751
T1195318,39758.76664260229
T1195319,55512.48795376774
T1195320,53921.960200588874
T1195321,47250.91029264672
T1195322,46230.684984262174
T1195323,42953.67385446647
T1195324,35666.328100051476
T1195325,61466.06371691873
T1195326,30326.689436227294
T1195327,54402.276906996
T1195328,43005.86956882917
T1195329,34486.83443583639
T1195330,57165.408728947135
T1195331,66733.78490489135
T1195332,33995.27439093249
T1195333,47144.89152349168
T1195334,46456.395507554655
T1195335,29313.867158460696
T1195336,34769.62539369918
T1195337,31193.067497650114
T1195338,52037.06605789639
T1195339,54950.34507946746
T1195340,32419.733749828465
T1195341,45525.30788661233
T1195342,65022.593375701756
T1195343,42953.67385446647
T1195344,46851.24014027821
T1195345,64135.7032345645
T1195346,28339.086320926486
T1195347,46816.261477627995
T1195348,28406.192184587304
T1195349,44729.511879246944
T1195350,52647.019743767094
T1195351,26749.214623729415
T1195352,42621.131363929766
T1195353,33069.72015327673
T1195354,36906.719464845744
T1195355,52542.4042589255
T1195356,34514.364693638134
T1195357,26904.948311750893
T1195358,46017.275098948005
T1195359,33193.790915205056
T1195360,34230.88917541476
T1195361,46544.87080098906
T1195362,52555.56658904036
T1195363,42272.23588427956
T1195364,52629.652569155136
T1195365,33430.03561549941
T1195366,27197.15258007234
T1195367,61530.46291681509
T1195368,54787.47569358249
T1195369,43170.206447535566
T1195370,50114.15862395546
T1195371,31157.13732216477
T1195372,27681.73686964496
T1195373,27855.49431415068
T1195374,61472.33844164978
T1195375,39093.987543121184
T1195376,43108.95652656907
T1195377,42533.2408023872
T1195378,62697.562093799315
T1195379,64677.65029684844
T1195380,35145.88420626598
T1195381,46655.645512492614
T1195382,41994.57016837347
T1195383,41372.89833184851
T1195384,44385.338080015004
T1195385,30875.836856126713
T1195386,44073.156866814854
T1195387,35596.75192225575
T1195388,54054.329917310024
T1195389,34995.926464521835
T1195390,27804.53943938472
T1195391,64061.61324493573
T1195392,56569.43045784715
T1195393,37132.84457795463
T1195394,28200.670257126538
T1195395,64135.7032345645
T1195396,41900.32678563527
T1195397,26323.44546381971
T1195398,40932.310185085866
T1195399,27200.285965571697
T1195400,53434.09550089192
T1195401,74970.15301167272
T1195402,39606.58623938569
T1195403,53798.685310112465
T1195404,41317.53941861951
T1195405,63346.634568464135
T1195406,55698.31462928991
T1195407,30591.196395064544
T1195408,42036.99797594873
T1195409,32139.52509709211
T1195410,55587.294152971466
T1195411,41731.03492697725
T1195412,42126.492260169
T1195413,22766.231316949186
T1195414,55107.22767441925
T1195415,34969.75306707108
T1195416,54682.152369716234
T1195417,61961.71729811789
T1195418,72460.87961401067
T1195419,42516.668948144346
T1195420,64687.978002821554
T1195421,37871.644959702855
T1195422,27583.718126171694
T1195423,61845.64537622061
T1195424,61913.75978708321
T1195425,39581.4719447379
T1195426,38318.03844779075
T1195427,31023.72382033639
T1195428,32367.327332389774
T1195429,52940.609412212005
T1195430,39311.849572658306
T1195431,36467.638791494224
T1195432,46737.440264344244
T1195433,33518.144623649416
T1195434,61845.64537622061
T1195435,34017.33652334816
T1195436,40993.781819444346
T1195437,28798.739091171312
T1195438,66014.38476141842
T1195439,39101.931426194125
T1195440,34796.62066020372
T1195441,39300.22784335729
T1195442,35880.23023978859
T1195443,33681.970422955674
T1195444,34796.62066020372
T1195445,32304.245594852153
T1195446,28106.951683579206
T1195447,34636.052681281006
T1195448,23027.294153773964
T1195449,40847.200522898675
T1195450,37196.690558838935
T1195451,62645.05934501956
T1195452,37259.657647437525
T1195453,55102.60552289122
T1195454,41843.919548420155
T1195455,47542.36382119494
T1195456,33854.3849365623
T1195457,23397.132767944895
T1195458,51517.30152723639
T1195459,37982.304664745156
T1195460,43530.2869995045
T1195461,34307.410686681804
T1195462,39525.42590050711
T1195463,53137.980163825436
T1195464,41756.38265607365
T1195465,38771.61823967329
T1195466,52762.88285446431
T1195467,43160.067822514065
T1195468,66102.09224636033
T1195469,34381.54894500712
T1195470,61011.18464144093
T1195471,61097.854761593466
T1195472,30595.469465679347
T1195473,64070.98285578681
T1195474,37871.644959702855
T1195475,26745.298703771914
T1195476,44247.464606401576
T1195477,46320.061333795806
T1195478,53507.76517038406
T1195479,43799.19507613226
T1195480,53580.102400179705
T1195481,42575.07646517231
T1195482,29169.344671459843
T1195483,37967.44162572412
T1195484,44200.562684960976
T1195485,31937.82521814653
T1195486,41962.43742329531
T1195487,64117.74404814113
T1195488,34885.47311188818
T1195489,54503.7504458442
T1195490,46235.01588207177
T1195491,31668.897217009307
T1195492,53505.048107756294
T1195493,55318.393738725914
T1195494,26414.95172322919
T1195495,37359.00000715421
T1195496,51692.45510807057
T1195497,43551.712211124854
T1195498,35902.04538494481
T1195499,35902.1803592905
T1195500,64298.41224805247
T1195501,61067.115705661774
T1195502,37132.84457795463
T1195503,55204.015764849915
T1195504,35116.7746064835
T1195505,28689.227118785842
T1195506,34636.052681281006
T1195507,30842.206038049822
T1195508,35448.11005232446
T1195509,41372.89833184851
T1195510,43983.925837649556
T1195511,30301.669080262905
T1195512,35422.46386512288
T1195513,43549.28333781937
T1195514,46544.87080098906
T1195515,41674.749234968884
T1195516,33700.730038918686
T1195517,54068.38189863047
T1195518,36345.94618401711
T1195519,46938.72609510774
T1195520,42196.36557781645
T1195521,61721.13454896836
T1195522,54950.34507946746
T1195523,43637.72811825073
T1195524,41638.03127332138
T1195525,33717.212273208286
T1195526,35321.562598431665
T1195527,33112.195125870254
T1195528,63276.367581011655
T1195529,59892.20968982547
T1195530,53597.06179123806
T1195531,41372.89833184851
T1195532,52573.95022794264
T1195533,32903.84001830571
T1195534,66038.6555550713
T1195535,31832.181186152226
T1195536,44200.562684960976
T1195537,51521.749997345665
T1195538,43785.02858682221
T1195539,43845.57555717678
T1195540,35422.46386512288
T1195541,28928.366101798547
T1195542,42835.16851195492
T1195543,43664.51309037602
T1195544,62410.06650518399
T1195545,34986.58893082487
T1195546,51779.58162822949
T1195547,27247.956400048755
T1195548,29702.024081953645
T1195549,35820.512902229966
T1195550,54114.175252828536
T1195551,43924.02518353018
T1195552,32241.454040990644
T1195553,39188.56560340645
T1195554,44563.31281975812
T1195555,53338.206967804355
T1195556,26913.244195365765
T1195557,36253.32416666004
T1195558,42388.07608119203
T1195559,61679.6283514344
T1195560,27646.340654566622
T1195561,31761.88945628212
T1195562,41776.13001599165
T1195563,39200.230876747475
T1195564,35554.88503384684
T1195565,53572.76005835476
T1195566,33452.33593533428
T1195567,38278.37217832034
T1195568,37371.94911545495
T1195569,47036.42053265115
T1195570,46081.00452907957
T1195571,31874.03737211576
T1195572,34079.338690391036
T1195573,31053.275526082176
T1195574,34817.84132069413
T1195575,43144.19517328953
T1195576,26100.782627052933
T1195577,47287.9678378654
T1195578,61867.380694994696
T1195579,35097.3502469664
T1195580,28162.579816806683
T1195581,35855.20326479703
T1195582,41252.73793674547
T1195583,27801.147207107722
T1195584,37706.4042133169
T1195585,35117.57041958423
T1195586,41135.758937705104
T1195587,29273.92463664234
T1195588,66233.66613609562
T1195589,64401.27666465321
T1195590,62103.74479792249
T1195591,46436.226835243215
T1195592,54774.75485176058
T1195593,37434.992786903975
T1195594,42126.492260169
T1195595,43133.1606456094
T1195596,53407.31135019247
T1195597,27014.39646313932
T1195598,34933.84216417236
T1195599,39093.987543121184
T1195600,33700.730038918686
T1195601,29887.185970325845
T1195602,46021.595336691105
T1195603,38898.96493892469
T1195604,39358.952361481824
T1195605,46480.25997946996
T1195606,22875.903120809482
T1195607,39852.160828385575
T1195608,35321.562598431665
T1195609,30176.87184903479
T1195610,38191.642161392134
T1195611,55025.74884833942
T1195612,65022.593375701756
T1195613,61961.71729811789
T1195614,54165.324548321725
T1195615,78024.2681023432
T1195616,55566.61968519981
T1195617,33532.67493469777
T1195618,34796.62066020372
T1195619,39364.79757458949
T1195620,41377.40073214742
T1195621,34164.934834254316
T1195622,26936.9437701496
T1195623,63648.421887019314
T1195624,38930.02543365339
T1195625,34333.926216238164
T1195626,28288.637276628473
T1195627,36818.46629407504
T1195628,34796.62066020372
T1195629,31436.348409378268
T1195630,33710.968937930986
T1195631,41976.09654003072
T1195632,28400.045944593014
T1195633,42363.242812274686
T1195634,63084.63020845679
T1195635,38802.62454106493
T1195636,42510.637922753034
T1195637,35452.4101276534
T1195638,35855.20326479703
T1195639,33519.247250188884
T1195640,42424.45720483981
T1195641,55072.12081913821
T1195642,31721.331874927608
T1195643,26239.435464503422
T1195644,31938.042613557736
T1195645,37983.61846144616
T1195646,53710.99656640962
T1195647,35089.782072827446
T1195648,28175.358859432643
T1195649,39350.54708221064
T1195650,54212.860726050014
T1195651,46962.137505141625
T1195652,42824.20419841248
T1195653,30613.49667460452
T1195654,53892.35188912831
T1195655,28258.208129097464
T1195656,32490.263182871397
T1195657,32167.33217737466
T1195658,62047.85719629984
T1195659,35340.71912655423
T1195660,53087.753161350454
T1195661,38037.185741563866
T1195662,46810.6682960423
T1195663,22080.833545468497
T1195664,28661.50550738548
T1195665,34161.495817417905
T1195666,62224.333254194185
T1195667,36421.25485359711
T1195668,35246.204063582634
T1195669,54390.04944610285
T1195670,35955.82681155259
T1195671,55402.11215310556
T1195672,22747.00596588294
T1195673,45040.4860504921
T1195674,63442.304041933145
T1195675,36534.69272160818
T1195676,47597.33079994141
T1195677,28258.208129097464
T1195678,54967.965085462536
T1195679,36930.01519574301
T1195680,23637.774579287532
T1195681,53354.206115962435
T1195682,28368.07813810603
T1195683,42593.242047781794
T1195684,30760.2782509981
T1195685,27304.9678683186
T1195686,29392.886662091667
T1195687,55767.85867107642
T1195688,32083.462017714777
T1195689,23177.39147433265
T1195690,46673.805459964315
T1195691,72665.34591106478
T1195692,53901.26019623111
T1195693,36020.00867862087
T1195694,37983.071896776986
T1195695,54192.37999795593
T1195696,43821.32396354642
T1195697,31193.327986955737
T1195698,27695.279264123077
T1195699,64970.50863160728
T1195700,34897.579186464376
T1195701,35152.01377240146
T1195702,46640.68063571205
T1195703,62573.418555290446
T1195704,44628.509913116046
T1195705,40826.458397680406
T1195706,62269.46130390567
T1195707,53412.79078363352
T1195708,35541.754615111655
T1195709,38037.185741563866
T1195710,52810.221097327434
T1195711,54287.475306553344
T1195712,26876.09883346502
T1195713,30600.83037365252
T1195714,27044.20890580798
T1195715,35597.098139434645
T1195716,64411.93629832845
T1195717,30812.21808138681
T1195718,35521.34073361681
T1195719,22902.69480529459
T1195720,34327.68570121114
T1195721,34924.62731258196
T1195722,44234.42321304267
T1195723,26578.555082881503
T1195724,23537.138524050963
T1195725,35221.59537031228
T1195726,34924.62731258196
T1195727,32935.23080084503
T1195728,35098.098276547134
T1195729,31732.682817136807
T1195730,36516.232687747426
T1195731,60227.71140791827
T1195732,53889.75713871388
T1195733,44612.46434282485
T1195734,38795.98069157674
T1195735,35681.96223089568
T1195736,64400.32382422233
T1195737,30521.463617007485
T1195738,31287.901252953685
T1195739,34970.89563767307
T1195740,30965.481636671288
T1195741,45539.489162045946
T1195742,30963.059601647696
T1195743,32409.91023611295
T1195744,44493.08407429658
T1195745,46757.27219794552
T1195746,34391.90366888047
T1195747,35418.16012083848
T1195748,44750.94200429698
T1195749,34791.28387603263
T1195750,44449.676442537384
T1195751,28913.713531962527
T1195752,43882.20280982197
T1195753,46127.51677421616
T1195754,34478.72874589498
T1195755,46949.597279632515
T1195756,67174.18261023064
T1195757,29865.01225727791
T1195758,32409.91023611295
T1195759,23000.25271462525
T1195760,22931.574415885716
T1195761,56514.16761194316
T1195762,65241.53131459846
T1195763,35041.29809889619
T1195764,35575.35930329653
T1195765,47818.62911855367
T1195766,33535.70126551523
T1195767,32023.704516491176
T1195768,30539.77614735047
T1195769,47120.3836381501
T1195770,28384.093142325604
T1195771,53354.206115962435
T1195772,64399.664877454685
T1195773,31080.185860189507
T1195774,35241.404748258734
T1195775,53854.094810643204
T1195776,43204.65380659251
T1195777,28961.62114641366
T1195778,44750.94200429698
T1195779,22429.536327105558
T1195780,29667.83426873993
T1195781,32466.413604422072
T1195782,37284.338492295676
T1195783,55620.296713918935
T1195784,35254.78095970884
T1195785,53384.24266095994
T1195786,35241.404748258734
T1195787,31113.596892494268
T1195788,36328.53060409798
T1195789,35274.573033873574
T1195790,46186.9987361248
T1195791,46670.321454897516
T1195792,32892.87692676016
T1195793,41781.785459917126
T1195794,38176.03871175646
T1195795,62047.85719629984
T1195796,51854.85252905285
T1195797,33033.93485160558
T1195798,36024.33213425904
T1195799,34161.495817417905
T1195800,42127.65974686971
T1195801,31994.0273696994
T1195802,35937.770440631306
T1195803,42100.104317986355
T1195804,44628.509913116046
T1195805,28693.880109344846
T1195806,39233.84232414172
T1195807,35517.03620692803
T1195808,29158.1411721065
T1195809,34616.28404316551
T1195810,34161.495817417905
T1195811,30323.856711018347
T1195812,35519.20817566779
T1195813,34571.56236397514
T1195814,35623.9216454154
T1195815,39079.789357720765
T1195816,47368.925335518834
T1195817,45016.80014203814
T1195818,35921.084616109736
T1195819,42091.878123319904
T1195820,36720.67691878791
T1195821,34924.62731258196
T1195822,35792.49316732234
T1195823,35254.78095970884
T1195824,34546.70876514286
T1195825,43220.342042649005
T1195826,43525.38741537655
T1195827,27044.20890580798
T1195828,46302.141389456585
T1195829,57520.29721507874
T1195830,41493.669811601794
T1195831,54513.97714656151
T1195832,31357.08278959652
T1195833,23735.784424955553
T1195834,35245.406699140694
T1195835,30852.259489680873
T1195836,54243.16410748089
T1195837,35959.73929987647
T1195838,35436.67380974199
T1195839,33811.54764919637
T1195840,45260.439197841646
T1195841,38318.44225443686
T1195842,36444.99444325208
T1195843,66271.23667684516
T1195844,38848.664300526776
T1195845,44988.24417853257
T1195846,57705.45856702785
T1195847,56939.57627595549
T1195848,23595.69543081669
T1195849,28401.565443609004
T1195850,34500.81624846083
T1195851,44929.695367623644
T1195852,43640.31489859459
T1195853,70934.77193323239
T1195854,46312.85569047677
T1195855,27382.122187508772
T1195856,46949.597279632515
T1195857,31116.50935266163
T1195858,65305.900720106896
T1195859,52036.464207886485
T1195860,54153.5467493312
T1195861,47321.977693772584
T1195862,35608.73777987541
T1195863,37983.071896776986
T1195864,53710.99656640962
T1195865,31393.135562169846
T1195866,43898.2194923673
T1195867,41814.25094053807
T1195868,34945.88951193653
T1195869,46673.805459964315
T1195870,31856.835987596387
T1195871,36020.00867862087
T1195872,35944.71413523332
T1195873,44277.629719909004
T1195874,41882.33619017334
T1195875,35519.20817566779
T1195876,38390.274340265445
T1195877,47498.56868181773
T1195878,37702.31068592425
T1195879,63528.96900202509
T1195880,36580.34999275084
T1195881,53713.96527205278
T1195882,30863.404612318667
T1195883,54676.8947804473
T1195884,63599.38522388272
T1195885,54622.95575907642
T1195886,65395.55123266103
T1195887,33043.581035505
T1195888,29953.097426864555
T1195889,54146.53470757357
T1195890,55848.253755391015
T1195891,55510.49294108073
T1195892,41283.80742382665
T1195893,28168.81498880187
T1195894,34313.24059273059
T1195895,31393.135562169846
T1195896,61828.09565766657
T1195897,35098.098276547134
T1195898,30338.302506500648
T1195899,34327.84207260895
T1195900,46192.847157967626
T1195901,31521.507267183417
T1195902,39695.304782386374
T1195903,46975.65468191059
T1195904,42554.11787139682
T1195905,44452.38005881298
T1195906,27693.975465084397
T1195907,33811.54764919637
T1195908,37811.497756070516
T1195909,32804.976478158955
T1195910,33599.18551624699
T1195911,44750.94200429698
T1195912,53299.984401485235
T1195913,26903.404747375585
T1195914,56428.25515147447
T1195915,55858.528397436494
T1195916,28242.005903655554
T1195917,55848.253755391015
T1195918,52924.42417228294
T1195919,31750.816870084203
T1195920,43527.54734071737
T1195921,31814.38921729627
T1195922,35672.093847772994
T1195923,66434.89527766642
T1195924,53087.753161350454
T1195925,28017.413631617725
T1195926,35955.82681155259
T1195927,43569.39110490398
T1195928,37032.22654053832
T1195929,45076.07425002337
T1195930,55858.528397436494
T1195931,52669.4295416685
T1195932,28527.656195226664
T1195933,22677.7902679366
T1195934,51706.3962467908
T1195935,35959.73929987647
T1195936,33895.369790587334
T1195937,29432.91553051878
T1195938,32875.72817747307
T1195939,31116.50935266163
T1195940,38683.81361417778
T1195941,34091.87149864106
T1195942,35807.88268650029
T1195943,34176.06287102482
T1195944,34772.272698119115
T1195945,33549.59154933803
T1195946,35807.88268650029
T1195947,44444.3972256023
T1195948,31847.51660478198
T1195949,39330.845929015064
T1195950,56331.05378047174
T1195951,42406.29208640532
T1195952,46733.38579500006
T1195953,32509.255446815765
T1195954,28462.596579743695
T1195955,46888.132056537375
T1195956,28346.270630964096
T1195957,27730.70882899219
T1195958,31732.682817136807
T1195959,34897.579186464376
T1195960,37284.338492295676
T1195961,47662.23490381559
T1195962,55329.17696230866
T1195963,41972.53665614429
T1195964,41114.938883680945
T1195965,27478.09333740614
T1195966,64465.2211498875
T1195967,42600.97244509407
T1195968,23754.817997065886
T1195969,42550.85083195672
T1195970,64578.1140522033
T1195971,52391.7698057026
T1195972,45062.78925856921
T1195973,35142.65407754405
T1195974,56939.57627595549
T1195975,27148.579240321684
T1195976,67033.4528971464
T1195977,39012.57948495409
T1195978,38367.828579878405
T1195979,33950.96707233325
T1195980,27010.10979475494
T1195981,61375.30507458862
T1195982,55304.186522176715
T1195983,28468.750025983125
T1195984,32547.594490323416
T1195985,66246.92038633264
T1195986,34791.28387603263
T1195987,34841.119940551325
T1195988,35418.16012083848
T1195989,35735.47983242386
T1195990,38430.00231766492
T1195991,30924.845193868507
T1195992,34924.62731258196
T1195993,32347.00931906223
T1195994,27923.575016101135
T1195995,66774.67936782468
T1195996,46302.141389456585
T1195997,53701.839194039305
T1195998,56142.823881788034
T1195999,51883.26690662384
T1196000,52675.05724613638
T1196001,35047.50656319407
T1196002,35937.770440631306
T1196003,27831.33532757917
T1196004,30348.886821659657
T1196005,27121.82561360975
T1196006,33456.87415879444
T1196007,42056.797536454134
T1196008,65151.733570809294
T1196009,54075.2233245994
T1196010,28869.789813256484
T1196011,37954.29451682942
T1196012,29253.9588396465
T1196013,33029.01576179553
T1196014,43002.07459336768
T1196015,43406.87295226298
T1196016,32440.37622081423
T1196017,39636.227911328126
T1196018,31463.724268302958
T1196019,34916.86621560962
T1196020,36867.74438287877
T1196021,31225.07700768639
T1196022,47866.751008593405
T1196023,56502.33713262172
T1196024,31202.138193754086
T1196025,43602.081451301645
T1196026,41006.996626718705
T1196027,47554.80767024408
T1196028,31759.683404127813
T1196029,31548.850685501708
T1196030,39553.53263995506
T1196031,45547.624175862846
T1196032,31510.252766316622
T1196033,46199.88371982126
T1196034,68650.67260013084
T1196035,32032.119816882725
T1196036,31515.484237917088
T1196037,36392.77063737232
T1196038,57694.59856571987
T1196039,28686.21487819683
T1196040,22813.238286564458
T1196041,45883.862721088604
T1196042,33546.01965923898
T1196043,36059.12491697931
T1196044,39811.5004791659
T1196045,45532.51195937938
T1196046,54901.12359823923
T1196047,42056.797536454134
T1196048,42423.46498759523
T1196049,66482.72826261754
T1196050,28686.21487819683
T1196051,65459.693871341166
T1196052,32970.830156270305
T1196053,43641.71580033179
T1196054,37777.34427483193
T1196055,34068.07493438345
T1196056,38788.94546602292
T1196057,31224.713272811092
T1196058,47554.80767024408
T1196059,43055.29660544877
T1196060,44154.08193638524
T1196061,47650.63042947296
T1196062,45333.523396343364
T1196063,36212.02022634372
T1196064,42789.71495067616
T1196065,35061.81364318988
T1196066,54486.66109307519
T1196067,33883.4191009348
T1196068,39951.21563033666
T1196069,72218.35547501239
T1196070,43239.243042309005
T1196071,62523.49455134726
T1196072,38036.701775912705
T1196073,23767.31985109902
T1196074,48153.289474853664
T1196075,56591.4298307933
T1196076,53169.77930781716
T1196077,47638.49684366459
T1196078,32523.35948830746
T1196079,44593.98972071676
T1196080,32984.71267413038
T1196081,40725.70534527512
T1196082,55089.80192584012
T1196083,36329.984674809886
T1196084,22543.132518897408
T1196085,53519.855078483844
T1196086,47684.53401494966
T1196087,44560.94047550437
T1196088,36083.523022431495
T1196089,62931.90956269414
T1196090,28880.19404892561
T1196091,31956.092321312604
T1196092,38789.65346096743
T1196093,52877.72713311028
T1196094,44224.50686196589
T1196095,27626.903209843018
T1196096,45936.97190379648
T1196097,57088.875322111235
T1196098,36538.487134188945
T1196099,52999.21831692079
T1196100,38441.14790183239
T1196101,47079.10390842512
T1196102,37599.71848992253
T1196103,44168.056486027264
T1196104,22900.12409745234
T1196105,37664.84177989441
T1196106,31011.1709201916
T1196107,57223.12584700907
T1196108,40476.00311815028
T1196109,37065.1687554882
T1196110,43081.988319536045
T1196111,67878.69008800942
T1196112,40347.28771117468
T1196113,28580.92755178562
T1196114,43005.276491514414
T1196115,38788.94546602292
T1196116,32340.467290618584
T1196117,55996.38015938475
T1196118,40477.3930112362
T1196119,36590.88905576687
T1196120,43511.593923294386
T1196121,43081.988319536045
T1196122,55111.26319629891
T1196123,38439.548067471675
T1196124,32809.834846923506
T1196125,63829.58202029241
T1196126,36986.848235899066
T1196127,58365.04294105364
T1196128,32904.57728890137
T1196129,35062.958888785884
T1196130,46215.10528822217
T1196131,66870.52053744622
T1196132,54142.16878943059
T1196133,47590.53018376965
T1196134,42789.71495067616
T1196135,54790.326802616284
T1196136,40089.66403786362
T1196137,36738.63108096377
T1196138,66453.84983175424
T1196139,42961.28312836723
T1196140,32416.284232115882
T1196141,48553.6427980045
T1196142,66211.32762949106
T1196143,43562.315009166356
T1196144,56632.37032933162
T1196145,31956.092321312604
T1196146,34444.899816001445
T1196147,35495.61974297677
T1196148,36738.63108096377
T1196149,67878.69008800942
T1196150,42169.390161356234
T1196151,53741.8503915577
T1196152,42961.28312836723
T1196153,57561.22626183855
T1196154,36674.67962652849
T1196155,39184.16137495775
T1196156,32991.08421975838
T1196157,36396.144923309235
T1196158,44649.1606863906
T1196159,42964.95862371946
T1196160,30039.27635585801
T1196161,46065.01016620665
T1196162,44516.40605816875
T1196163,72218.35547501239
T1196164,47247.33617628532
T1196165,67878.69008800942
T1196166,35730.35629591605
T1196167,29394.790471538225
T1196168,34973.34941553694
T1196169,22247.836257383973
T1196170,56188.70125435265
T1196171,54427.451805139855
T1196172,55324.73894171265
T1196173,35685.70553007065
T1196174,37065.1687554882
T1196175,37825.13432067386
T1196176,29025.143214853382
T1196177,29585.690754542095
T1196178,34145.043299466575
T1196179,41670.19790408703
T1196180,32954.90197382304
T1196181,34283.70787116679
T1196182,36868.76296139602
T1196183,36218.621444733326
T1196184,42051.01881076517
T1196185,42871.22812617993
T1196186,38036.701775912705
T1196187,57509.455789604785
T1196188,23942.7494199184
T1196189,28013.814170351783
T1196190,47801.18351476831
T1196191,29388.823816664426
T1196192,47991.07137465726
T1196193,34462.125206353725
T1196194,68223.16873983653
T1196195,33165.40900613434
T1196196,28734.645344751265
T1196197,42910.189117849346
T1196198,35571.55426359234
T1196199,33208.37108546877
T1196200,43429.29529152569
T1196201,67144.04482029376
T1196202,55329.60915416116
T1196203,54820.28068210148
T1196204,54365.29114773051
T1196205,29207.07483530198
T1196206,44495.80587604246
T1196207,27519.87265072818
T1196208,67687.30362077376
T1196209,54142.16878943059
T1196210,28917.46389819778
T1196211,44560.94047550437
T1196212,46192.994891505
T1196213,57223.12584700907
T1196214,52926.18099373381
T1196215,39128.07945903901
T1196216,29480.711022125906
T1196217,46678.88516570656
T1196218,46988.4988451303
T1196219,41760.42725300284
T1196220,34068.07493438345
T1196221,28257.378088727215
T1196222,47738.907981409655
T1196223,56065.23971759219
T1196224,42247.512984687906
T1196225,36907.434108275855
T1196226,29117.352885244338
T1196227,66504.87746811524
T1196228,35876.733568124444
T1196229,27763.93390208495
T1196230,56921.8141651383
T1196231,36108.94891152054
T1196232,57318.16112466176
T1196233,55495.192668923686
T1196234,55948.636015879136
T1196235,35147.22940823272
T1196236,29310.177126353545
T1196237,44010.3842433488
T1196238,45883.862721088604
T1196239,42727.977900377045
T1196240,36129.88269480027
T1196241,44949.00919013841
T1196242,35734.59376817016
T1196243,32032.119816882725
T1196244,48290.23523426963
T1196245,33531.687407888014
T1196246,34607.09217613339
T1196247,43478.84865158909
T1196248,47412.61237497809
T1196249,23824.599616441796
T1196250,36700.98417121744
T1196251,36123.010048298835
T1196252,54000.80308392703
T1196253,42520.18427403917
T1196254,47079.10390842512
T1196255,58923.890438485934
T1196256,57878.56200009697
T1196257,36673.193916001954
T1196258,65388.18766238421
T1196259,59111.44306644937
T1196260,39698.62076796654
T1196261,37490.47273367345
T1196262,54366.58018048691
T1196263,41760.42725300284
T1196264,31715.103402422777
T1196265,43275.18576501875
T1196266,64721.96750521576
T1196267,35353.01050452509
T1196268,45884.17857738135
T1196269,29595.69565718076
T1196270,43367.35949904663
T1196271,23836.65010272325
T1196272,37712.232056781184
T1196273,36589.327780342945
T1196274,55751.267562999325
T1196275,47060.470890225435
T1196276,40049.21966281668
T1196277,57679.11790936927
T1196278,35282.4739176008
T1196279,27378.838941693983
T1196280,34333.649374194145
T1196281,31819.195594114917
T1196282,29829.886305070286
T1196283,46898.01903914384
T1196284,55626.30433487202
T1196285,66442.45867241744
T1196286,54366.58018048691
T1196287,43602.081451301645
T1196288,43055.29660544877
T1196289,55206.13536435517
T1196290,43316.13567865862
T1196291,66387.55703341588
T1196292,28746.320567442785
T1196293,66145.4996383338
T1196294,23175.85726546713
T1196295,33126.400456201794
T1196296,45837.1757553803
T1196297,40730.470282072274
T1196298,53354.75433149154
T1196299,39174.948398339126
T1196300,27371.622229616605
T1196301,46077.89104581647
T1196302,71106.85478312793
T1196303,77107.27818424348
T1196304,32416.284232115882
T1196305,42910.189117849346
T1196306,42956.76358006328
T1196307,35709.973769815064
T1196308,38998.39846569277
T1196309,32670.503171576795
T1196310,33664.14417605361
T1196311,36075.46088020189
T1196312,33926.44741835359
T1196313,40070.39212419798
T1196314,43142.05586361661
T1196315,36846.81111451139
T1196316,53309.462979115044
T1196317,45654.1800623331
T1196318,42871.22812617993
T1196319,35478.00965090698
T1196320,36436.39127284197
T1196321,35333.98562714463
T1196322,35062.958888785884
T1196323,36486.833328917724
T1196324,42547.40056880304
T1196325,48260.259408713595
T1196326,29748.042040316275
T1196327,43844.00257681915
T1196328,45883.862721088604
T1196329,42645.699481540345
T1196330,45446.49202352563
T1196331,35216.453758336655
T1196332,36625.253699341985
T1196333,32387.75060700578
T1196334,44826.50629708686
T1196335,47688.5862701072
T1196336,31905.807337218757
T1196337,64379.01626517382
T1196338,47574.022070074534
T1196339,45627.448580656266
T1196340,74490.86954206794
T1196341,63915.528769221215
T1196342,43406.87295226298
T1196343,64267.70127131709
T1196344,35773.57421333286
T1196345,35062.958888785884
T1196346,63677.8882042993
T1196347,44010.3842433488
T1196348,64815.68400612993
T1196349,56695.231123589365
T1196350,44693.610784809505
T1196351,48501.67634694451
T1196352,31968.131232391916
T1196353,36258.03958161642
T1196354,46282.57805894992
T1196355,57118.74951954234
T1196356,64146.184248371464
T1196357,31597.766021213123
T1196358,46960.04521326886
T1196359,46878.04313300437
T1196360,55406.89930653341
T1196361,47991.07137465726
T1196362,31475.224153896743
T1196363,63829.58202029241
T1196364,68453.28307319967
T1196365,33144.016750496
T1196366,53321.092488748625
T1196367,32657.382760039556
T1196368,36973.48190076794
T1196369,36178.0832967842
T1196370,29550.077585678646
T1196371,27701.44535641104
T1196372,54764.716395369716
T1196373,57353.10140912709
T1196374,31454.552980084132
T1196375,29837.460483814033
T1196376,29413.107443473076
T1196377,78113.95882466836
T1196378,28494.442662328373
T1196379,39989.14481346767
T1196380,35543.9353717989
T1196381,43447.732518919074
T1196382,32993.503719949644
T1196383,28867.33691600186
T1196384,46760.655159144895
T1196385,27946.361220783398
T1196386,35013.385462065606
T1196387,47296.85741803855
T1196388,29889.180350043865
T1196389,54062.1279229789
T1196390,48047.71865994886
T1196391,44017.34845154424
T1196392,39255.47207452989
T1196393,47939.635157737524
T1196394,29049.224628685577
T1196395,47902.74009436434
T1196396,67725.64860224568
T1196397,65399.235628642506
T1196398,37935.79549543178
T1196399,42487.10421231774
T1196400,47082.021370053226
T1196401,36974.88266710874
T1196402,36086.42895286277
T1196403,45908.879937555794
T1196404,32868.20859304661
T1196405,66378.11207998128
T1196406,53275.00815601335
T1196407,54995.61465294103
T1196408,64582.78496669926
T1196409,29443.608885544072
T1196410,54778.55858857841
T1196411,31600.274830195376
T1196412,28912.452809303417
T1196413,57301.06042444499
T1196414,56594.23024899631
T1196415,29436.15055872889
T1196416,23285.066070909335
T1196417,48306.61913473455
T1196418,46033.260706050474
T1196419,54043.58029391839
T1196420,23386.871547380193
T1196421,36410.642909206144
T1196422,37315.356762790965
T1196423,34398.24400052136
T1196424,36410.642909206144
T1196425,32444.427149205676
T1196426,44427.71343810603
T1196427,23293.514532906815
T1196428,56924.0041045772
T1196429,35935.19306931996
T1196430,22399.22381242189
T1196431,35248.33327359879
T1196432,66160.72594041587
T1196433,66126.6989938136
T1196434,37065.053680124554
T1196435,53708.57380058816
T1196436,35248.33327359879
T1196437,65327.76461385633
T1196438,27674.801919399735
T1196439,45368.59010361053
T1196440,37782.39261266117
T1196441,37034.741875685795
T1196442,44427.71343810603
T1196443,45155.950259962396
T1196444,29374.032316808585
T1196445,32033.263766627293
T1196446,48365.75927656873
T1196447,35664.63370107173
T1196448,43344.9058652927
T1196449,36759.2373418182
T1196450,58761.01884990715
T1196451,36273.96362899964
T1196452,66979.00702329795
T1196453,32678.72682109616
T1196454,31875.334994847937
T1196455,33679.505571184985
T1196456,30389.66403342859
T1196457,38022.97533248179
T1196458,43760.29022696066
T1196459,45010.628460866
T1196460,41670.881936585516
T1196461,46622.123088055065
T1196462,36926.26810259338
T1196463,35542.482235858006
T1196464,72602.90317519015
T1196465,43511.4190321949
T1196466,57561.859357230685
T1196467,33244.97361034335
T1196468,73960.39950463394
T1196469,33585.208744553805
T1196470,54356.69417309079
T1196471,29079.8466347368
T1196472,56577.20069979182
T1196473,29654.5683007179
T1196474,29350.686284603133
T1196475,23997.679074141928
T1196476,36364.22748233751
T1196477,63830.63117746792
T1196478,45132.33080829365
T1196479,64369.27194575283
T1196480,26671.794436443128
T1196481,64271.662919532144
T1196482,53408.96644286911
T1196483,47824.749930413825
T1196484,45188.73666442702
T1196485,56002.79297907295
T1196486,64068.57493061557
T1196487,64907.09942966205
T1196488,37965.64359545911
T1196489,24102.637932708418
T1196490,28174.74315221525
T1196491,68053.41787721825
T1196492,34587.94683358862
T1196493,43782.80961083415
T1196494,33291.113638561874
T1196495,43252.63072996055
T1196496,43083.96610623766
T1196497,43180.020833606686
T1196498,42323.130868581415
T1196499,44466.887997298094
T1196500,33446.76275899218
T1196501,33179.548230751774
T1196502,34739.790849904835
T1196503,34189.25288989527
T1196504,55293.7222308815
T1196505,38335.323217823556
T1196506,24023.81162041308
T1196507,55543.60397560049
T1196508,47880.152361501074
T1196509,35248.33327359879
T1196510,35393.99559894196
T1196511,36616.70082764724
T1196512,53496.0471353721
T1196513,41348.19061909382
T1196514,35715.21408425487
T1196515,32884.39409631325
T1196516,39294.769685213505
T1196517,43252.63072996055
T1196518,40257.44636578723
T1196519,64076.882972068874
T1196520,71140.19086415805
T1196521,32571.379208160444
T1196522,35956.24424929662
T1196523,45926.24935235974
T1196524,31907.590682206144
T1196525,42750.22723483438
T1196526,43832.57735640436
T1196527,36270.31938958948
T1196528,33369.34765584764
T1196529,54854.47443520803
T1196530,47470.72359641198
T1196531,55375.858066434936
T1196532,39413.225572457166
T1196533,44361.18137857149
T1196534,36706.78411412119
T1196535,33354.71064191118
T1196536,45685.95686018769
T1196537,43398.35339858748
T1196538,45637.86984572591
T1196539,39031.80890949921
T1196540,55672.985686807355
T1196541,54295.864723443054
T1196542,57883.35907251451
T1196543,35160.615432459985
T1196544,42891.1916032909
T1196545,67725.64860224568
T1196546,29248.13063337529
T1196547,44632.43159727918
T1196548,37279.98491467323
T1196549,66277.83277651056
T1196550,46154.70428113534
T1196551,42004.39511549862
T1196552,45717.84827710837
T1196553,54295.864723443054
T1196554,49758.56204586038
T1196555,43933.07384494552
T1196556,58948.29537221101
T1196557,37651.67181820492
T1196558,43639.96411276476
T1196559,43555.72803179378
T1196560,64813.31252433067
T1196561,79696.69325345806
T1196562,29725.912787336965
T1196563,23465.083930008146
T1196564,35332.84067538262
T1196565,56313.71301722575
T1196566,48289.941453606036
T1196567,37095.529301883966
T1196568,29167.79449526284
T1196569,56726.6672065081
T1196570,36153.62221921526
T1196571,57110.50525053782
T1196572,56334.47349996734
T1196573,42004.39511549862
T1196574,39441.419961096086
T1196575,46858.647199488005
T1196576,36104.50438175184
T1196577,29431.725697877744
T1196578,39405.2421004758
T1196579,56922.074377331606
T1196580,37642.87547891844
T1196581,47673.13303930969
T1196582,46005.78994964149
T1196583,35950.90757672065
T1196584,39461.53519162113
T1196585,36852.52615251805
T1196586,34570.68796998769
T1196587,43303.941463536066
T1196588,42408.74561366191
T1196589,35699.47073769331
T1196590,31872.464890064686
T1196591,47899.35525315907
T1196592,36563.85273157528
T1196593,48715.67955719917
T1196594,36277.3184850153
T1196595,67725.64860224568
T1196596,32571.379208160444
T1196597,36926.26810259338
T1196598,40216.57748550284
T1196599,36525.02322449547
T1196600,33218.462898451384
T1196601,43236.214972589885
T1196602,45898.646643224616
T1196603,36303.36021191958
T1196604,23965.491305956682
T1196605,36888.51887598277
T1196606,43893.491474370196
T1196607,39586.04816067464
T1196608,47447.418793367986
T1196609,33654.30234304556
T1196610,36264.89870742623
T1196611,43284.88680788617
T1196612,44840.72204088677
T1196613,62561.66818103944
T1196614,35699.47073769331
T1196615,55785.966706232095
T1196616,54690.599302571034
T1196617,56207.287236842625
T1196618,37550.33002346468
T1196619,44823.44478045622
T1196620,36654.92672067757
T1196621,47796.95160083833
T1196622,45354.52369964625
T1196623,46058.65773944316
T1196624,66705.84139505596
T1196625,33017.74569807107
T1196626,39024.92007691129
T1196627,36389.278258881815
T1196628,44946.83391344952
T1196629,39173.908583888566
T1196630,44952.31676203194
T1196631,47366.685708836776
T1196632,22665.869403788016
T1196633,44523.912287922925
T1196634,29097.26530245141
T1196635,23908.926458692113
T1196636,48193.785942964605
T1196637,31180.634980110564
T1196638,35956.24424929662
T1196639,44319.34811575806
T1196640,54415.862458916214
T1196641,29035.626305090187
T1196642,36469.499935056105
T1196643,56244.691029240974
T1196644,63864.66749155869
T1196645,40182.01428108054
T1196646,36104.50438175184
T1196647,58259.351864574164
T1196648,38500.19920564452
T1196649,37184.49637176543
T1196650,33089.7438454365
T1196651,54694.713644333264
T1196652,23025.375705422084
T1196653,47779.689327480286
T1196654,43284.88680788617
T1196655,35239.03717596495
T1196656,39644.510539798546
T1196657,37315.356762790965
T1196658,39405.2421004758
T1196659,62811.300369568045
T1196660,43760.29022696066
T1196661,40025.325588891865
T1196662,39912.155933182796
T1196663,42219.334068920485
T1196664,31449.32689845987
T1196665,58761.01884990715
T1196666,56780.27101526046
T1196667,37300.667964115535
T1196668,40843.33118097006
T1196669,47779.689327480286
T1196670,48036.72186397682
T1196671,56751.83931515412
T1196672,38741.453356435064
T1196673,33225.164835403986
T1196674,36560.37295059265
T1196675,46225.93722372327
T1196676,33750.65619271193
T1196677,53755.480087190364
T1196678,38055.48137957089
T1196679,56285.21585419021
T1196680,29219.04502690753
T1196681,39247.3977789154
T1196682,32678.72682109616
T1196683,36703.363403518
T1196684,32498.370277170252
T1196685,36512.03690089672
T1196686,32033.263766627293
T1196687,39819.051156996466
T1196688,45369.604424192104
T1196689,31196.90486176328
T1196690,46418.028679840914
T1196691,44509.616969172304
T1196692,32598.538550396905
T1196693,40563.91107980005
T1196694,23294.020870399025
T1196695,36032.570752879146
T1196696,54854.47443520803
T1196697,42987.01728673081
T1196698,47391.81759773689
T1196699,35402.25941488117
T1196700,22371.499876776586
T1196701,40792.127486718884
T1196702,66381.1472672323
T1196703,66215.52760120461
T1196704,45430.69081947658
T1196705,66060.9158428207
T1196706,53832.06401486382
T1196707,36805.16931834106
T1196708,69052.54107269451
T1196709,35745.817428613875
T1196710,32005.864386332552
T1196711,35103.971280020705
T1196712,22950.257119376984
T1196713,40407.74018325034
T1196714,36892.79632511903
T1196715,46553.20839332956
T1196716,37757.77283056698
T1196717,53153.180461722994
T1196718,43361.86378610183
T1196719,34118.260210201566
T1196720,31402.846357089027
T1196721,54090.95427577539
T1196722,28747.33253077779
T1196723,56922.074377331606
T1196724,27387.356717221366
T1196725,43180.020833606686
T1196726,39024.92007691129
T1196727,37823.04173095386
T1196728,42663.58649461908
T1196729,47490.83361697923
T1196730,57485.8458146816
T1196731,33195.53414838324
T1196732,43596.81910081095
T1196733,31556.353591817486
T1196734,31173.977075583964
T1196735,35470.6186609665
T1196736,47189.17547580548
T1196737,56780.27101526046
T1196738,36882.094108607445
T1196739,29182.843327850078
T1196740,37058.61255343604
T1196741,32672.70364721452
T1196742,23476.493256062593
T1196743,32036.452465268998
T1196744,35949.9064885806
T1196745,32502.371084400693
T1196746,36886.37116092459
T1196747,33083.680436694434
T1196748,49758.56204586038
T1196749,37724.84076768622
T1196750,29459.37460214184
T1196751,35944.57031707688
T1196752,46877.22993814811
T1196753,29064.240850065245
T1196754,44502.51624055668
T1196755,37279.06682813056
T1196756,31457.71086505821
T1196757,27695.92966351477
T1196758,42480.17721793937
T1196759,39576.334434692915
T1196760,43632.93762555233
T1196761,35537.63642666276
T1196762,36648.52365640776
T1196763,44833.59322458804
T1196764,24009.639176931618
T1196765,63816.5906313523
T1196766,29805.158655075622
T1196767,26669.68135080141
T1196768,43354.861185658054
T1196769,24035.778657711282
T1196770,31177.119925856878
T1196771,40400.995885902346
T1196772,31999.90759364372
T1196773,55419.73316923528
T1196774,45888.737662132655
T1196775,57377.10487060296
T1196776,31200.04894299136
T1196777,35949.9064885806
T1196778,45685.95686018769
T1196779,42980.046996419514
T1196780,43825.53436680913
T1196781,37816.530772462334
T1196782,42743.27742268219
T1196783,31869.391154804
T1196784,36798.75228760394
T1196785,45181.57843028351
T1196786,32878.350760083
T1196787,40785.349091061915
T1196788,43589.796314765124
T1196789,40250.715441931636
T1196790,29888.36419965951
T1196791,36085.526641609395
T1196792,29373.223689305858
T1196793,46611.52488438491
T1196794,63825.839581074266
T1196795,36505.64714442648
T1196796,54757.02021208176
T1196797,43229.223187928925
T1196798,56208.40422865347
T1196799,45003.485269016186
T1196800,47791.67692862613
T1196801,34543.93130109716
T1196802,46033.260706050474
T1196803,42401.82542721832
T1196804,56924.0041045772
T1196805,36553.97868970737
T1196806,53751.74037565765
T1196807,36270.95064158424
T1196808,44939.69611619132
T1196809,36919.83983396293
T1196810,23003.72732032114
T1196811,38325.774198621206
T1196812,56026.49377861223
T1196813,68079.06243608496
T1196814,57325.0522834106
T1196815,32438.427017013106
T1196816,47385.375480736635
T1196817,37308.89250303846
T1196818,33421.62958763433
T1196819,33173.476062117996
T1196820,48182.99890451598
T1196821,37893.200609652544
T1196822,35242.06228668683
T1196823,66705.84139505596
T1196824,53675.03637201948
T1196825,28488.843419363173
T1196826,36610.30132110189
T1196827,41341.36316068193
T1196828,53415.8105184434
T1196829,39285.09409760675
T1196830,43245.63753140653
T1196831,64037.986382268195
T1196832,35706.01845941145
T1196833,32565.366581529113
T1196834,71140.19086415805
T1196835,36258.532025334214
T1196836,54694.713644333264
T1196837,47480.13067668189
T1196838,35464.326640003965
T1196839,27445.873000030624
T1196840,23305.79290524603
T1196841,66086.1577300675
T1196842,43173.033890860424
T1196843,35393.10255149829
T1196844,22350.18121577703
T1196845,35242.06228668683
T1196846,45926.24935235974
T1196847,47187.504023167035
T1196848,36269.4146321281
T1196849,31894.080282087314
T1196850,33363.257009770445
T1196851,54898.12905601517
T1196852,47460.023070518626
T1196853,39406.57020704033
T1196854,44354.09327345617
T1196855,36700.37622619913
T1196856,33348.62141903279
T1196857,43391.347659882624
T1196858,45637.86984572591
T1196859,39022.16786613861
T1196860,55614.05102702832
T1196861,57883.35907251451
T1196862,54339.28203055929
T1196863,47808.94150853567
T1196864,47898.94976648475
T1196865,45125.17733495635
T1196866,35395.97385592743
T1196867,66215.52760120461
T1196868,31206.98760304182
T1196869,23920.862983783314
T1196870,29091.603270903845
T1196871,36468.59253451942
T1196872,22644.401753970567
T1196873,44945.17850099287
T1196874,39164.24885992678
T1196875,36382.89995477744
T1196876,39015.27993997228
T1196877,54459.33084044372
T1196878,33011.68932035376
T1196879,46017.659863152505
T1196880,56352.66108760443
T1196881,29234.107936153323
T1196882,38048.94913822503
T1196883,33711.54916229601
T1196884,46237.715594697394
T1196885,29050.638782442464
T1196886,53832.06401486382
T1196887,36098.152714424046
T1196888,37294.205059898195
T1196889,47381.12654989837
T1196890,36026.225829494455
T1196891,46376.86069274483
T1196892,45369.604424192104
T1196893,69079.03909266819
T1196894,35739.49945175721
T1196895,31559.516916286262
T1196896,45368.8053330493
T1196897,42656.64418860179
T1196898,28760.044719510577
T1196899,57509.878849192006
T1196900,45354.52369964625
T1196901,31406.001476081405
T1196902,53095.682325101785
T1196903,33189.460421579104
T1196904,37751.267859270425
T1196905,36696.95583368422
T1196906,37178.04419708125
T1196907,47659.4388890013
T1196908,53328.799445241275
T1196909,64297.1674618076
T1196910,54339.28203055929
T1196911,58972.65212588834
T1196912,37645.17659001369
T1196913,43926.02225864039
T1196914,43548.708772310194
T1196915,64799.15724819041
T1196916,29693.675353060305
T1196917,47662.408233948154
T1196918,45964.81715095885
T1196919,36296.989934001824
T1196920,33648.18404789713
T1196921,47459.36192102369
T1196922,23977.442862577565
T1196923,43886.443272937555
T1196924,43277.890831838915
T1196925,44823.44478045622
T1196926,62586.809042568915
T1196927,45717.84827710837
T1196928,35693.157125556434
T1196929,46154.70428113534
T1196930,44592.115032861184
T1196931,73960.39950463394
T1196932,48279.14295622498
T1196933,37089.08535473703
T1196934,39395.55203272759
T1196935,56750.5306761298
T1196936,36152.719013447524
T1196937,41997.51015357645
T1196938,56334.47349996734
T1196939,39431.72515546953
T1196940,36098.152714424046
T1196941,57134.454583239174
T1196942,56969.30430460443
T1196943,37636.38105905817
T1196944,79696.69325345806
T1196945,35326.56168456193
T1196946,41997.51015357645
T1196947,29263.201526247958
T1196948,66277.83277651056
T1196949,47836.743551652005
T1196950,55749.83786823878
T1196951,48727.7916669888
T1196952,36680.31038970291
T1196953,43076.98744677988
T1196954,43173.033890860424
T1196955,44459.7909004898
T1196956,42316.21812722332
T1196957,34733.56821891262
T1196958,34162.65390308418
T1196959,55337.56266477451
T1196960,64892.933246342676
T1196961,54400.137377517254
T1196962,29047.984405527808
T1196963,56577.20069979182
T1196964,29365.78529812757
T1196965,29653.755568876466
T1196966,36357.8515174803
T1196967,55035.7316630389
T1196968,64330.28090396082
T1196969,34588.80450453397
T1196970,56230.44832636743
T1196971,28169.177460335177
T1196972,42884.22959384357
T1196973,33193.42126563266
T1196974,36524.11508838198
T1196975,39451.837752568164
T1196976,36846.104725041194
T1196977,43296.943847192706
T1196978,35693.157125556434
T1196979,45898.646643224616
T1196980,31866.521335104153
T1196981,47918.15667296957
T1196982,36557.458146518155
T1196983,37543.844113334155
T1196984,40209.850202288166
T1196985,67688.89154392127
T1196986,32565.366581529113
T1196987,67688.89154392127
T1196988,35154.35276301645
T1196989,24114.625865958955
T1196990,43245.63753140653
T1196991,48048.74376914914
T1196992,54114.22065455451
T1196993,43753.25342667618
T1196994,43337.90472372193
T1196995,36752.82457805948
T1196996,35242.06228668683
T1196997,37929.27420526511
T1196998,54764.716395369716
T1196999,39248.83091175824
T1197000,33219.92133280079
T1197001,47951.64411564785
T1197002,48081.049736256886
T1197003,44010.2896632699
T1197004,47308.78034556361
T1197005,28880.07733951196
T1197006,43440.72253536364
T1197007,32862.166841402795
T1197008,78113.95882466836
T1197009,55015.85163435262
T1197010,35658.3233714715
T1197011,36404.26261066044
T1197012,53217.439843617794
T1197013,43504.403577188954
T1197014,38013.46783629807
T1197015,65359.91345866837
T1197016,32987.44971121014
T1197017,67688.89154392127
T1197018,45155.950259962396
T1197019,27710.89734966507
T1197020,35007.13677490145
T1197021,48377.82497072264
T1197022,33673.384835850266
T1197023,72602.90317519015
T1197024,54086.89004934847
T1197025,28927.431335887235
T1197026,23296.428697294832
T1197027,36968.44989192217
T1197028,23304.87935473116
T1197029,33579.09714345767
T1197030,37028.303555369945
T1197031,41664.026147700795
T1197032,45368.59010361053
T1197033,30383.86940469304
T1197034,66979.00702329795
T1197035,36264.69165080041
T1197036,32036.452465268998
T1197037,44420.619672426255
T1197038,65288.46534240674
T1197039,58785.33436038046
T1197040,39979.37852392331
T1197041,47891.987805365505
T1197042,46740.314662843026
T1197043,54105.44559345186
T1197044,47071.36760592788
T1197045,29428.223550336723
T1197046,27940.819605663524
T1197047,36404.26261066044
T1197048,32672.70364721452
T1197049,36919.83983396293
T1197050,66151.95426527696
T1197051,35533.310327671155
T1197052,66160.72594041587
T1197053,64568.65653171873
T1197054,31599.434117093875
T1197055,48325.50552643285
T1197056,44420.619672426255
T1197057,57561.859357230685
T1197058,22377.891080623773
T1197059,35928.85728534877
T1197060,54798.75299124155
T1197061,34371.55851730017
T1197062,23398.66854919186
T1197063,56557.82348769589
T1197064,29458.733338721864
T1197065,66378.11207998128
T1197066,29451.27297140806
T1197067,22928.64638918786
T1197068,33285.03060279424
T1197069,47791.67692862613
T1197070,56969.30430460443
T1197071,39902.399663744836
T1197072,43753.25342667618
T1197073,34091.69066175046
T1197074,39395.55203272759
T1197075,46542.61853729159
T1197076,37308.89250303846
T1197077,38450.00276009335
T1197078,58283.55659111166
T1197079,43277.890831838915
T1197080,33200.120511212626
T1197081,32492.36483318627
T1197082,40175.29007814047
T1197083,35229.90706260607
T1197084,62811.300369568045
T1197085,44299.58040195528
T1197086,39634.78917490062
T1197087,44523.912287922925
T1197088,39240.75734379448
T1197089,39812.359376441294
T1197090,40836.54825447896
T1197091,39015.27993997228
T1197092,42212.43036321063
T1197093,38731.85058266742
T1197094,32592.52325373913
T1197095,35097.71398676982
T1197096,66432.40653049735
T1197097,54898.12905601517
T1197098,33044.685544710504
T1197099,31452.48450396776
T1197100,58785.33436038046
T1197101,47301.82200641886
T1197102,34226.3351216097
T1197103,53865.39961014566
T1197104,35280.918545318185
T1197105,27038.411739975683
T1197106,27315.374856398088
T1197107,21872.085210228954
T1197108,22905.478883232627
T1197109,55198.91809905656
T1197110,44171.08540967974
T1197111,32106.830737923607
T1197112,41935.95392979083
T1197113,38789.45712316825
T1197114,57944.59424104838
T1197115,47179.938032575206
T1197116,36979.12193996468
T1197117,63403.86535127567
T1197118,45182.87325276072
T1197119,46790.85141852069
T1197120,35546.71318734697
T1197121,45357.449857040796
T1197122,56495.21843486634
T1197123,28556.910226613374
T1197124,42772.25854301867
T1197125,36494.65283764436
T1197126,40244.12499712209
T1197127,35165.84059999943
T1197128,36269.212127030056
T1197129,56138.44613473977
T1197130,42972.116013961626
T1197131,56564.247126517206
T1197132,43118.884001636776
T1197133,22245.43395414629
T1197134,38722.14651901098
T1197135,77355.2595389197
T1197136,56395.70622038818
T1197137,28720.76032881297
T1197138,45377.78472202565
T1197139,53304.298523843645
T1197140,41460.48751305746
T1197141,31097.05897103944
T1197142,32563.972042151727
T1197143,29154.83107247107
T1197144,43588.39890052706
T1197145,43652.360485726895
T1197146,47154.52995426977
T1197147,38520.026366214195
T1197148,46925.86532038562
T1197149,29867.003066830515
T1197150,35740.515519594905
T1197151,49343.99013665028
T1197152,55423.781947813455
T1197153,46753.230054541775
T1197154,44215.23975534498
T1197155,35724.41183881805
T1197156,28887.63704836211
T1197157,55984.61886277044
T1197158,32308.098743837945
T1197159,39006.04378395488
T1197160,38286.061484073885
T1197161,39586.958512680256
T1197162,36326.85912477925
T1197163,47214.72660255598
T1197164,53420.72471999068
T1197165,35926.868267728045
T1197166,29178.51704429333
T1197167,43158.09283645007
T1197168,46438.08341954127
T1197169,32137.959386171246
T1197170,45395.26352092638
T1197171,45721.14754200526
T1197172,38305.61381423155
T1197173,35427.31902368914
T1197174,71376.61127750711
T1197175,38301.63432206604
T1197176,33732.0080469126
T1197177,34685.355666428724
T1197178,46433.63860193752
T1197179,36284.058774524776
T1197180,38792.01782549859
T1197181,45491.21671512827
T1197182,45669.48994793227
T1197183,31135.386548879484
T1197184,43118.884001636776
T1197185,22855.507460817244
T1197186,36103.54490006455
T1197187,35767.40321213415
T1197188,37143.600265113855
T1197189,47496.69921411771
T1197190,34875.83128656489
T1197191,35663.76999291905
T1197192,22523.160729919877
T1197193,37080.74375402076
T1197194,32246.003522696526
T1197195,35116.088365656986
T1197196,42873.12361519663
T1197197,39684.48585268009
T1197198,30812.534648629124
T1197199,31156.4341197548
T1197200,32547.236431979523
T1197201,38535.649816242105
T1197202,67040.43788456914
T1197203,40740.43388458728
T1197204,21868.216774321474
T1197205,53988.91594536322
T1197206,54684.959901823524
T1197207,44329.382796331396
T1197208,43047.22644060391
T1197209,35877.715236480675
T1197210,47365.988687983125
T1197211,31104.989205235437
T1197212,43778.067451122064
T1197213,43836.624329995066
T1197214,36537.65720398021
T1197215,32371.950143496146
T1197216,42488.58488995693
T1197217,35993.04967495819
T1197218,47154.52995426977
T1197219,76455.47662234756
T1197220,27575.505943987853
T1197221,42136.82212536209
T1197222,42558.51430284692
T1197223,23641.593877041316
T1197224,46528.33173703632
T1197225,37652.22794014526
T1197226,36326.85912477925
T1197227,37184.880103090014
T1197228,32564.8630391736
T1197229,34897.306616506045
T1197230,63895.74352028387
T1197231,30789.757788593914
T1197232,44689.61948902042
T1197233,35403.484744036126
T1197234,53481.030091477776
T1197235,35849.69870507013
T1197236,29254.75289678415
T1197237,23510.471381677038
T1197238,34747.17987359995
T1197239,31634.86379881436
T1197240,46458.55131903968
T1197241,32498.617329711455
T1197242,38541.66921391312
T1197243,28550.89449674918
T1197244,56267.29580231098
T1197245,62591.22732310203
T1197246,32146.414121248825
T1197247,32680.711276435755
T1197248,32634.670010077338
T1197249,54410.19434369086
T1197250,39186.445793643106
T1197251,58168.591592946
T1197252,22845.763193491104
T1197253,47888.923753057614
T1197254,47160.73168928419
T1197255,46913.581994737586
T1197256,67272.34341991773
T1197257,36479.94360596699
T1197258,38291.154620580644
T1197259,28318.71999719781
T1197260,65995.41437856898
T1197261,37051.320414929
T1197262,43497.752048859176
T1197263,37214.35987782329
T1197264,31755.56202555664
T1197265,28517.455241048854
T1197266,30920.751573415273
T1197267,35837.408051393126
T1197268,63744.043225515794
T1197269,29353.131472380082
T1197270,37594.39918795
T1197271,42724.010785108636
T1197272,41123.67137487179
T1197273,35172.5848069318
T1197274,35490.65094068198
T1197275,41742.899745695875
T1197276,57944.59424104838
T1197277,44248.15220894064
T1197278,42724.010785108636
T1197279,36552.18520193328
T1197280,65557.30711717656
T1197281,45141.49383634266
T1197282,38722.14651901098
T1197283,31495.91159235691
T1197284,33166.35147164986
T1197285,35165.84059999943
T1197286,61276.06563653376
T1197287,32574.238929517167
T1197288,36602.27819970526
T1197289,35265.69987501299
T1197290,44771.87743639796
T1197291,39713.10656327906
T1197292,33186.12323705223
T1197293,23524.238883010436
T1197294,42685.10822835704
T1197295,22596.49387490488
T1197296,45156.456657416005
T1197297,52436.955858843816
T1197298,34912.23276114846
T1197299,53772.3719418134
T1197300,42800.45507902495
T1197301,37291.19807390705
T1197302,39129.656324115494
T1197303,23563.574921731568
T1197304,42609.38490387652
T1197305,36002.668831325034
T1197306,44501.00890933
T1197307,36128.0845087035
T1197308,36116.04362186389
T1197309,36052.14334497779
T1197310,52096.8700039798
T1197311,32621.271314731053
T1197312,47317.05692796413
T1197313,56785.38882206317
T1197314,38789.45712316825
T1197315,46790.85141852069
T1197316,53420.72471999068
T1197317,53097.50462055456
T1197318,28237.120925995987
T1197319,52007.522667383295
T1197320,33142.56933032608
T1197321,32696.568740703107
T1197322,27146.90268513655
T1197323,52816.59111384353
T1197324,37070.91529767706
T1197325,37379.61633640109
T1197326,46134.76291443962
T1197327,54162.17466579696
T1197328,35740.515519594905
T1197329,72266.76833899274
T1197330,38722.14651901098
T1197331,33985.96697461081
T1197332,34831.045520058084
T1197333,28434.823684259474
T1197334,53304.298523843645
T1197335,28959.4439414225
T1197336,56381.6283678427
T1197337,35661.5424294313
T1197338,45737.7049548166
T1197339,54878.3785436026
T1197340,28570.388682938297
T1197341,35354.984850635374
T1197342,45413.09153698108
T1197343,62858.67202120951
T1197344,32308.098743837945
T1197345,36434.39207487509
T1197346,34747.17987359995
T1197347,27850.783196316817
T1197348,31097.208321958406
T1197349,53410.634651831344
T1197350,47774.81515602084
T1197351,47490.52414352881
T1197352,35546.71318734697
T1197353,41460.48751305746
T1197354,42632.130517476755
T1197355,36685.393008491366
T1197356,28767.155377734125
T1197357,43241.57267335035
T1197358,35023.93928377586
T1197359,44770.870255792914
T1197360,47595.66425287768
T1197361,56636.681921791554
T1197362,56339.46976546779
T1197363,38025.91312845359
T1197364,28930.683455051898
T1197365,43619.608275790706
T1197366,43820.442659391854
T1197367,56381.6283678427
T1197368,44756.90287534705
T1197369,36094.4365350602
T1197370,34747.17987359995
T1197371,36202.793354320274
T1197372,43652.360485726895
T1197373,44532.70587650614
T1197374,38060.39772959054
T1197375,65296.215969304154
T1197376,27388.731285545273
T1197377,46106.01836956128
T1197378,34500.25961714899
T1197379,55131.57355613774
T1197380,56636.681921791554
T1197381,31755.56202555664
T1197382,35824.18375747199
T1197383,33066.07240841228
T1197384,28953.524521139196
T1197385,32170.42596582249
T1197386,46577.06085127554
T1197387,42949.273949633905
T1197388,65306.57404789463
T1197389,39320.2147895853
T1197390,22864.776856391876
T1197391,42550.240495300786
T1197392,45325.33477118916
T1197393,55470.86909424514
T1197394,42250.853547789004
T1197395,70272.0551011181
T1197396,34317.48023764885
T1197397,34647.19727588591
T1197398,31546.16041650815
T1197399,23422.68394314256
T1197400,42982.71582634187
T1197401,42260.31127026607
T1197402,32405.658484385956
T1197403,29111.026558510952
T1197404,52326.18975719719
T1197405,35570.72381187863
T1197406,32868.987446281426
T1197407,38763.18312241484
T1197408,31240.99463839156
T1197409,54465.6219855564
T1197410,57434.138538697276
T1197411,52436.731163108496
T1197412,28867.47807915017
T1197413,53882.771800350856
T1197414,42550.240495300786
T1197415,32834.48030498921
T1197416,42643.59672640897
T1197417,36142.08211284278
T1197418,26310.558084562155
T1197419,53568.04663100223
T1197420,41858.138639985504
T1197421,45141.49383634266
T1197422,36762.129462779165
T1197423,55751.939830588686
T1197424,36289.43761034684
T1197425,33943.27677227902
T1197426,32872.25616310946
T1197427,34752.74303954429
T1197428,56808.01714462558
T1197429,47070.06654197086
T1197430,38583.6804424515
T1197431,32623.95516296137
T1197432,55271.87077758321
T1197433,35978.24024937844
T1197434,53481.030091477776
T1197435,36076.16836217044
T1197436,35137.72040470756
T1197437,32823.36482044767
T1197438,46338.40137565583
T1197439,54095.24274171761
T1197440,55735.65346737624
T1197441,61290.25956058144
T1197442,37268.49173455839
T1197443,43586.44965087616
T1197444,40263.09930775018
T1197445,42338.53320273328
T1197446,28686.4483711762
T1197447,54276.18120886471
T1197448,53264.366039553264
T1197449,36600.04650274643
T1197450,58244.56715034841
T1197451,67040.43788456914
T1197452,47046.84506666071
T1197453,34556.38298708238
T1197454,62626.72200650831
T1197455,36552.18520193328
T1197456,32185.86341470857
T1197457,54491.62872820847
T1197458,45247.52881650301
T1197459,42558.51430284692
T1197460,28852.908290596803
T1197461,38291.154620580644
T1197462,56381.6283678427
T1197463,23000.143400782636
T1197464,43047.22644060391
T1197465,57534.75194400935
T1197466,33693.79525154615
T1197467,33080.70691110598
T1197468,43159.61253105844
T1197469,64148.78810851323
T1197470,41856.76784047678
T1197471,35307.427891532505
T1197472,28118.633336626044
T1197473,30740.604109825512
T1197474,42118.0369689696
T1197475,53764.29156372485
T1197476,32601.814613175167
T1197477,32973.39427196927
T1197478,53291.086126820854
T1197479,54361.665148522734
T1197480,64025.998823585636
T1197481,37937.363620361975
T1197482,45804.68812120261
T1197483,37816.16947826659
T1197484,28013.595743390146
T1197485,45671.15802519557
T1197486,54466.62992347461
T1197487,54736.546850320155
T1197488,61467.07448216483
T1197489,55653.63113616018
T1197490,55177.56444909766
T1197491,37752.23705161167
T1197492,65004.517449754654
T1197493,22518.323573398033
T1197494,37159.335419903655
T1197495,55653.63113616018
T1197496,42295.72733219316
T1197497,41795.64969762052
T1197498,46686.53662712866
T1197499,37694.329592469716
T1197500,32382.32950200913
T1197501,52603.0548299511
T1197502,35059.536848903226
T1197503,28132.42313314031
T1197504,44557.03676146805
T1197505,41882.86900265387
T1197506,33985.76633815697
T1197507,40861.60024222293
T1197508,26906.303511087168
T1197509,36652.6533355073
T1197510,54139.6737165374
T1197511,23602.834690712854
T1197512,42465.50373933742
T1197513,34934.81288485939
T1197514,27478.661162139593
T1197515,45433.494247780785
T1197516,55011.5593522085
T1197517,55573.920766025476
T1197518,75407.61400839366
T1197519,35777.17135178515
T1197520,65981.56989830373
T1197521,45737.47786065416
T1197522,69780.72914444441
T1197523,27246.57823458627
T1197524,35799.087871837735
T1197525,53480.821906251906
T1197526,46285.559789664854
T1197527,22786.46447752822
T1197528,65981.56989830373
T1197529,55219.02224290656
T1197530,47068.63237347964
T1197531,53874.82965143269
T1197532,26999.577820289625
T1197533,33969.67363711225
T1197534,31558.82395769647
T1197535,33749.21624560768
T1197536,33334.85060731891
T1197537,34156.36386030609
T1197538,52742.873549859345
T1197539,52902.822769465914
T1197540,52989.33712650634
T1197541,42994.76552401047
T1197542,33559.238080245705
T1197543,32766.997922843784
T1197544,54210.61529519986
T1197545,38217.66819570846
T1197546,35545.60213645011
T1197547,35383.899455840074
T1197548,41148.04023441176
T1197549,35041.15877740255
T1197550,32041.119700193896
T1197551,56633.659139192445
T1197552,22757.2804244157
T1197553,71630.8989412112
T1197554,35129.56915239917
T1197555,42938.28848704858
T1197556,34530.72237796117
T1197557,38217.66819570846
T1197558,55448.39141843676
T1197559,35089.37027399522
T1197560,37223.59662056797
T1197561,51375.409080737976
T1197562,52531.94091570547
T1197563,50698.43436672529
T1197564,70807.94635793728
T1197565,41551.42606333561
T1197566,34385.01428200733
T1197567,35790.430522369585
T1197568,45478.99351343089
T1197569,31644.751341597588
T1197570,53380.29272549897
T1197571,38204.61942322823
T1197572,35450.92549399048
T1197573,23387.792136198936
T1197574,35908.643795801116
T1197575,62437.38344989668
T1197576,27760.052618989273
T1197577,22821.76181311393
T1197578,32280.88665846636
T1197579,31730.15611614355
T1197580,50854.3012481433
T1197581,30441.22281464937
T1197582,34934.81288485939
T1197583,53882.98388935353
T1197584,28214.277291299022
T1197585,27529.83501493166
T1197586,42248.73429504848
T1197587,56830.90384550022
T1197588,52047.436938059705
T1197589,26728.06295648814
T1197590,38461.996775730026
T1197591,45883.11115431226
T1197592,36430.497694178615
T1197593,44531.72911825765
T1197594,21843.138932000773
T1197595,56144.82205594844
T1197596,52425.93324554112
T1197597,41469.841191251406
T1197598,31708.210537978855
T1197599,61075.63197492462
T1197600,51678.431044170306
T1197601,28629.9993012746
T1197602,23444.25604719217
T1197603,38855.327159207576
T1197604,43588.95676118633
T1197605,45239.76055709439
T1197606,31965.975827702143
T1197607,34749.721431720674
T1197608,32720.96544583284
T1197609,44240.087626492656
T1197610,41799.32806744301
T1197611,37807.93380618724
T1197612,38035.59262880454
T1197613,34695.41949886665
T1197614,44018.64161960289
T1197615,54139.6737165374
T1197616,32658.663439377815
T1197617,61963.891923009476
T1197618,42392.28979130441
T1197619,44787.07901095887
T1197620,38000.070213187115
T1197621,37865.411293251585
T1197622,38550.236255248135
T1197623,53347.33607623614
T1197624,41182.36406717464
T1197625,34471.08565584763
T1197626,32361.06916176909
T1197627,43479.068186913806
T1197628,64231.465259077406
T1197629,41996.235843774586
T1197630,38785.63731789725
T1197631,34586.25765574283
T1197632,60170.916838343655
T1197633,38204.61942322823
T1197634,40565.877381920975
T1197635,34848.53214281514
T1197636,43632.88527635832
T1197637,39347.64654948491
T1197638,36335.6387739179
T1197639,35398.87691554947
T1197640,37582.423925029
T1197641,43829.48209455693
T1197642,76187.69147570682
T1197643,42885.86261807736
T1197644,46532.109914223154
T1197645,46440.66858449509
T1197646,42076.85352554511
T1197647,42664.0350107809
T1197648,22274.51077948515
T1197649,57172.79195595619
T1197650,46798.794231368185
T1197651,42734.338032182626
T1197652,32009.0339857902
T1197653,37767.41676955228
T1197654,36317.813920724235
T1197655,35215.927164098684
T1197656,55714.188640503104
T1197657,31890.47436493375
T1197658,35398.511886754124
T1197659,37807.93380618724
T1197660,66857.0911169914
T1197661,57395.19657545559
T1197662,44742.51402186017
T1197663,43287.60605489589
T1197664,46556.993719271435
T1197665,30778.69711722117
T1197666,27983.2174372394
T1197667,38252.35429858592
T1197668,27669.20430502101
T1197669,44497.16459149775
T1197670,36850.53689293581
T1197671,37816.16947826659
T1197672,45878.69471046955
T1197673,32545.03429723418
T1197674,44497.16459149775
T1197675,38217.66819570846
T1197676,39376.612040411135
T1197677,31838.453082335793
T1197678,31759.683795955272
T1197679,43029.98515539469
T1197680,42885.86261807736
T1197681,28144.58820757984
T1197682,28702.43493602551
T1197683,33985.76633815697
T1197684,42211.99633716632
T1197685,42219.44945833027
T1197686,43462.38456282537
T1197687,36710.4988261974
T1197688,53277.548735651486
T1197689,38795.03277879813
T1197690,27794.03194389345
T1197691,35406.933053041685
T1197692,66680.74019131258
T1197693,30920.706932623038
T1197694,23475.509957058483
T1197695,35041.15877740255
T1197696,42071.98404710399
T1197697,44690.456574851545
T1197698,28623.03353743106
T1197699,33597.86745302042
T1197700,36274.65588666267
T1197701,52742.873549859345
T1197702,62627.32549135179
T1197703,37812.17303565021
T1197704,55698.93352308365
T1197705,35647.59335166834
T1197706,22602.11828152248
T1197707,35063.39617101183
T1197708,54304.53518081289
T1197709,31731.722091060354
T1197710,46158.45054831431
T1197711,57565.3648475825
T1197712,46498.02204139193
T1197713,39896.337083240294
T1197714,35687.47846244032
T1197715,41427.78427555497
T1197716,35825.30705668538
T1197717,53569.121144598845
T1197718,42794.95852757079
T1197719,44501.8317551523
T1197720,55867.72023378468
T1197721,61469.84140589906
T1197722,42366.71609188769
T1197723,35912.02954381374
T1197724,45477.88693469765
T1197725,53895.24637410519
T1197726,23524.88394238317
T1197727,46532.109914223154
T1197728,38941.59839034725
T1197729,41856.76784047678
T1197730,32079.004359320745
T1197731,33146.11398832533
T1197732,47338.44784374948
T1197733,39372.912685682386
T1197734,35486.86945402133
T1197735,55925.01383090397
T1197736,35238.23530063299
T1197737,34361.33822330714
T1197738,55154.67552206437
T1197739,41581.448480389554
T1197740,31730.15611614355
T1197741,39370.66896199818
T1197742,52349.92855916271
T1197743,30486.37847787356
T1197744,41991.78391035004
T1197745,25957.982854201357
T1197746,31835.95681476179
T1197747,41494.607863558784
T1197748,42366.71609188769
T1197749,42409.57065176285
T1197750,55867.72023378468
T1197751,34586.25765574283
T1197752,41254.876417411026
T1197753,35804.799517813124
T1197754,34028.15047999936
T1197755,41839.87974307105
T1197756,41407.95702343066
T1197757,31597.217915539557
T1197758,41856.76784047678
T1197759,54558.55958405365
T1197760,30407.17006651106
T1197761,28179.49103034184
T1197762,41996.235843774586
T1197763,43018.93547634501
T1197764,44199.50708285266
T1197765,41587.32493132521
T1197766,46059.11340634717
T1197767,34579.11196042183
T1197768,36932.00050966668
T1197769,35623.60770181274
T1197770,36459.65744740728
T1197771,32072.65623456688
T1197772,33985.76633815697
T1197773,22919.345740892008
T1197774,35632.24056790562
T1197775,33339.19614486544
T1197776,34711.20695162985
T1197777,52902.822769465914
T1197778,44768.10504819608
T1197779,38451.47849210375
T1197780,31830.781569766088
T1197781,42564.49569562764
T1197782,36346.925606770055
T1197783,30741.269203143125
T1197784,31956.754042845077
T1197785,46773.44374359759
T1197786,46700.84647301641
T1197787,53894.605106123345
T1197788,28419.054031120115
T1197789,40861.60024222293
T1197790,55359.04354112381
T1197791,47307.31384092663
T1197792,35683.97987806545
T1197793,42253.13760363029
T1197794,52902.822769465914
T1197795,48757.77715842649
T1197796,30748.548260834334
T1197797,44462.59469056145
T1197798,31324.449018406325
T1197799,35307.427891532505
T1197800,36007.08049693414
T1197801,51331.49167414911
T1197802,32785.20134775829
T1197803,31092.201996610285
T1197804,45709.11034304325
T1197805,37880.2181209275
T1197806,64871.51441009808
T1197807,45041.342581342506
T1197808,21847.00500450281
T1197809,52848.84593525166
T1197810,34905.30451857126
T1197811,35402.252961721555
T1197812,35213.78403508785
T1197813,27930.39768087605
T1197814,52970.8400851005
T1197815,44213.38154646597
T1197816,61708.1374087617
T1197817,34778.74078623272
T1197818,36041.10732189579
T1197819,44808.07016888357
T1197820,31625.023114901105
T1197821,46245.3714538744
T1197822,35402.22155726806
T1197823,41890.67491957713
T1197824,45041.342581342506
T1197825,35647.59335166834
T1197826,33195.79860576849
T1197827,55653.63113616018
T1197828,22867.83568365462
T1197829,41890.29111544329
T1197830,28372.181995921113
T1197831,34400.64003230611
T1197832,38998.65056943373
T1197833,61120.974088393494
T1197834,36450.88479935489
T1197835,41419.534181490664
T1197836,34645.849400416795
T1197837,55624.76252822639
T1197838,32145.636333887804
T1197839,34806.44154216635
T1197840,37872.43023665308
T1197841,31457.942082720147
T1197842,53319.693446340694
T1197843,23505.451310877987
T1197844,35516.29992667734
T1197845,31778.83606908949
T1197846,46564.834993038465
T1197847,34732.46551301312
T1197848,34979.599944289475
T1197849,61120.974088393494
T1197850,43508.66066242344
T1197851,35434.767050998234
T1197852,23573.40560803542
T1197853,38328.71471800078
T1197854,37897.99362707251
T1197855,45204.112442623904
T1197856,44389.998992694746
T1197857,22756.677873331188
T1197858,32029.749144999063
T1197859,32760.914058096427
T1197860,46173.648021258494
T1197861,44034.233492054
T1197862,44117.4769646516
T1197863,55745.21762038238
T1197864,31853.919236568046
T1197865,22590.488893036552
T1197866,52352.402911500736
T1197867,43816.4245355519
T1197868,53287.143945224045
T1197869,35136.00093479738
T1197870,30373.24437428809
T1197871,31486.501631585557
T1197872,42682.93577470413
T1197873,42397.394598697756
T1197874,52515.25783778648
T1197875,34943.68365444062
T1197876,35380.86233476165
T1197877,36408.85261752497
T1197878,21832.839310400886
T1197879,44604.01757179433
T1197880,34996.438332680234
T1197881,56227.54019803563
T1197882,37345.26716270593
T1197883,35136.00093479738
T1197884,41609.32966481715
T1197885,32712.348600279
T1197886,23433.168342288962
T1197887,30452.405730590013
T1197888,30339.65334991245
T1197889,34777.750822895505
T1197890,41259.0457220039
T1197891,35331.46211407074
T1197892,53952.34472257722
T1197893,36211.85661028086
T1197894,53727.302951003134
T1197895,34929.099312916675
T1197896,30737.915454759823
T1197897,35380.86233476165
T1197898,64269.760476472344
T1197899,28597.74425416259
T1197900,45176.572182452925
T1197901,29270.972078652827
T1197902,23018.08690674751
T1197903,34996.438332680234
T1197904,34098.34022310861
T1197905,28320.349095241585
T1197906,35760.41674808613
T1197907,43158.57517120961
T1197908,37918.568184464544
T1197909,53132.294065392955
T1197910,34606.21274722479
T1197911,30314.6272965301
T1197912,62005.40070648294
T1197913,53132.294065392955
T1197914,32095.83560060665
T1197915,42958.1966072977
T1197916,28127.802866738235
T1197917,45569.91737788122
T1197918,54926.03743400152
T1197919,28121.26488179847
T1197920,46260.58416236489
T1197921,28336.10041677895
T1197922,26089.64912189297
T1197923,27328.939633566413
T1197924,23601.972591022735
T1197925,28583.585865215467
T1197926,38459.800899077556
T1197927,32395.12537524302
T1197928,46741.15243447307
T1197929,22944.74168139598
T1197930,32103.82610707718
T1197931,34806.44154216635
T1197932,44589.35699873148
T1197933,35329.854962753925
T1197934,56641.78912374036
T1197935,56641.78912374036
T1197936,48673.578625260925
T1197937,33615.44137034975
T1197938,45680.30590971031
T1197939,43113.48798073314
T1197940,51573.853347269185
T1197941,53224.14413295785
T1197942,31690.575813055606
T1197943,57558.69512395453
T1197944,43524.604585279216
T1197945,46314.49519338307
T1197946,36477.70810825579
T1197947,54752.51343630846
T1197948,41937.02242513911
T1197949,54230.30639574482
T1197950,34505.95663612806
T1197951,23414.59227943638
T1197952,46769.946441530796
T1197953,45523.13221537777
T1197954,31715.301589919898
T1197955,31958.36740741556
T1197956,29175.779620907382
T1197957,31959.601659371885
T1197958,44698.90898886633
T1197959,27046.452093909465
T1197960,56839.048899333204
T1197961,39446.06938875751
T1197962,35351.556295279814
T1197963,38053.406928720084
T1197964,34806.44154216635
T1197965,32326.907339995905
T1197966,54672.3042029334
T1197967,34895.30734228272
T1197968,37860.77091798646
T1197969,52760.63186987835
T1197970,35107.21624399939
T1197971,44212.175560895004
T1197972,35976.71353847857
T1197973,34080.34950468629
T1197974,47564.0773153071
T1197975,53495.08078444954
T1197976,34663.73276763466
T1197977,53495.08078444954
T1197978,36355.99759046864
T1197979,32398.11000039627
T1197980,30600.08178865351
T1197981,54173.40028866451
T1197982,53422.514597004316
T1197983,42800.65124997374
T1197984,31055.6194294751
T1197985,36021.43129835096
T1197986,42817.993300568145
T1197987,27268.451615910428
T1197988,36294.996498797474
T1197989,39405.89652669256
T1197990,28932.57176804707
T1197991,35513.28122182918
T1197992,37872.43023665308
T1197993,38266.62834993494
T1197994,28295.74998116374
T1197995,37918.568184464544
T1197996,26033.826139376964
T1197997,44374.17469659828
T1197998,43260.47505069092
T1197999,53972.777085411275
T1198000,31783.60192984019
T1198001,35897.63931767346
T1198002,34979.599944289475
T1198003,64227.639191675196
T1198004,33803.31959765111
T1198005,35107.21624399939
T1198006,54845.09903236177
T1198007,61846.260339738365
T1198008,66705.6396647954
T1198009,45665.91945095882
T1198010,65067.67330171305
T1198011,38746.79008709655
T1198012,36849.757526862464
T1198013,54354.03455063988
T1198014,35126.64351131107
T1198015,22500.628851325986
T1198016,27984.403014157277
T1198017,35760.41674808613
T1198018,37941.91210770996
T1198019,32631.591503114116
T1198020,33220.08815812014
T1198021,55914.07897102655
T1198022,29981.83498915083
T1198023,42157.182358929094
T1198024,39871.58718967882
T1198025,22805.90076208044
T1198026,66111.99481016348
T1198027,47042.32497942839
T1198028,35732.278016025346
T1198029,44653.60536284003
T1198030,42559.048578325994
T1198031,52894.76371381927
T1198032,37989.056992582395
T1198033,41592.62858592285
T1198034,43905.91356020679
T1198035,33287.46047703132
T1198036,76174.44605121693
T1198037,35865.182159324664
T1198038,47371.73450971759
T1198039,35606.69244168007
T1198040,46392.17090538294
T1198041,34249.935663583914
T1198042,38207.440711580195
T1198043,44066.30635424001
T1198044,42843.16519739245
T1198045,53434.22538990266
T1198046,28373.543654666933
T1198047,37133.62165773692
T1198048,35912.16621512153
T1198049,31187.613442185313
T1198050,55448.13678097265
T1198051,45957.41535660837
T1198052,55696.98477426773
T1198053,55624.76252822639
T1198054,45422.78907842125
T1198055,28353.86055788205
T1198056,34806.44154216635
T1198057,35155.7574673457
T1198058,54937.85167657897
T1198059,29900.04948213373
T1198060,26968.95042892158
T1198061,55208.107091972546
T1198062,52938.35439211587
T1198063,33719.618852353306
T1198064,44413.193536280385
T1198065,34096.30591746097
T1198066,55358.789122295486
T1198067,26997.18113981833
T1198068,27520.16229388338
T1198069,33719.618852353306
T1198070,54672.3042029334
T1198071,47455.52161634832
T1198072,35606.69244168007
T1198073,35899.60825117207
T1198074,53903.42447982889
T1198075,37707.18766341597
T1198076,64733.18167994017
T1198077,53678.991535714216
T1198078,35005.77726635058
T1198079,55613.08875965992
T1198080,34979.599944289475
T1198081,35890.212843470086
T1198082,34096.30591746097
T1198083,32911.80722403246
T1198084,45612.32635371466
T1198085,59945.51374496875
T1198086,28361.766084499497
T1198087,36068.69854335734
T1198088,34779.4422169699
T1198089,37928.17478352266
T1198090,35102.87495935097
T1198091,35865.182159324664
T1198092,34014.250946796434
T1198093,55624.76252822639
T1198094,34235.01161842434
T1198095,52894.76371381927
T1198096,33325.2120779788
T1198097,32913.06189956725
T1198098,38207.440711580195
T1198099,54289.2718227139
T1198100,45176.572182452925
T1198101,53037.838774258526
T1198102,35650.51117991976
T1198103,37598.16124416756
T1198104,21860.20577329581
T1198105,35107.21624399939
T1198106,44080.15853261509
T1198107,31685.3857347673
T1198108,22756.677873331188
T1198109,22879.103156231904
T1198110,38279.16193611882
T1198111,53619.95434502916
T1198112,35912.16621512153
T1198113,44787.79843012837
T1198114,71664.14554310754
T1198115,36646.11596937205
T1198116,28207.771172984063
T1198117,35533.58875924801
T1198118,34481.1281742449
T1198119,33858.836437553095
T1198120,42422.978158761754
T1198121,35331.46211407074
T1198122,46700.43334183723
T1198123,37883.183098563146
T1198124,44705.63994738143
T1198125,39096.031908778255
T1198126,57238.172328758425
T1198127,31657.55227407395
T1198128,44015.39765833631
T1198129,46430.65198208408
T1198130,43131.9572678955
T1198131,38619.99827404701
T1198132,55914.07897102655
T1198133,46392.17090538294
T1198134,30676.673060622248
T1198135,42055.16363731113
T1198136,34014.250946796434
T1198137,28211.259511000928
T1198138,23402.484912825064
T1198139,35897.15164243218
T1198140,36514.940987638154
T1198141,28207.771172984063
T1198142,34096.30591746097
T1198143,42839.684614392565
T1198144,36882.400002270864
T1198145,53132.294065392955
T1198146,36355.99759046864
T1198147,31028.769581424945
T1198148,36379.71451811147
T1198149,22880.788313441004
T1198150,27229.3235049557
T1198151,37818.98670800855
T1198152,44374.17469659828
T1198153,28849.6538882647
T1198154,34663.73276763466
T1198155,46963.372659843604
T1198156,36263.361922523945
T1198157,31214.741737104374
T1198158,38207.440711580195
T1198159,56003.39964252959
T1198160,34508.00392365023
T1198161,31814.641288001734
T1198162,22207.055224204378
T1198163,32326.907339995905
T1198164,31223.562327883847
T1198165,35510.16697063267
T1198166,52085.89743712651
T1198167,64945.96774958623
T1198168,27956.26199845118
T1198169,34610.03698565476
T1198170,34852.62642968715
T1198171,22812.965252615682
T1198172,29686.625908199392
T1198173,54026.82707934907
T1198174,35220.52080617859
T1198175,32433.392687977506
T1198176,26968.95042892158
T1198177,40733.338902503325
T1198178,66657.85205738453
T1198179,26945.235856161707
T1198180,57464.929304944635
T1198181,35912.03122078076
T1198182,55513.49872781494
T1198183,38241.26656943714
T1198184,54718.37442851061
T1198185,37860.77091798646
T1198186,34779.4422169699
T1198187,44695.82791270236
T1198188,31814.641288001734
T1198189,52442.41598261456
T1198190,35432.378432538026
T1198191,38241.26656943714
T1198192,30380.193118492265
T1198193,55613.08875965992
T1198194,32023.396904821093
T1198195,30794.729300414707
T1198196,41404.33540730002
T1198197,43756.827174798156
T1198198,41291.88627032404
T1198199,43113.651232521144
T1198200,61783.393909868166
T1198201,78272.4573676558
T1198202,29389.927719161184
T1198203,55583.84887042936
T1198204,42208.50225115953
T1198205,54385.159899085535
T1198206,42104.57897583745
T1198207,32780.85097864316
T1198208,36370.24894742491
T1198209,60183.62985626968
T1198210,26228.270493222382
T1198211,64759.412628950864
T1198212,28742.859341979594
T1198213,39170.79483967775
T1198214,27042.162716855557
T1198215,53986.569411527955
T1198216,53359.7473134023
T1198217,44216.75867131893
T1198218,35682.045567446374
T1198219,33830.469516212004
T1198220,42305.76206944777
T1198221,56917.49758306425
T1198222,53555.083384225916
T1198223,35152.52685531814
T1198224,55285.596160125795
T1198225,33830.469516212004
T1198226,38333.27424735108
T1198227,35931.07327206787
T1198228,38991.58896691752
T1198229,62097.35729514425
T1198230,44590.7295569248
T1198231,33414.51794757539
T1198232,41330.47619064265
T1198233,31917.67415794953
T1198234,61330.77802763163
T1198235,38154.87066105725
T1198236,34801.103955735656
T1198237,34191.829759654
T1198238,34934.46742012456
T1198239,64413.74491020703
T1198240,54239.48067698088
T1198241,35529.13715594773
T1198242,30361.855788101788
T1198243,52624.639233239075
T1198244,52051.369288690854
T1198245,34955.732809700894
T1198246,66319.99053889084
T1198247,35251.29229215797
T1198248,45789.55378487617
T1198249,37421.1123043898
T1198250,43612.30536596224
T1198251,66388.44894498662
T1198252,46905.34039928243
T1198253,34934.46742012456
T1198254,55855.433881248675
T1198255,41944.8911095601
T1198256,35582.27481339677
T1198257,36431.31734702519
T1198258,35448.197472063875
T1198259,41535.3236585514
T1198260,23554.653595587326
T1198261,43449.74048251371
T1198262,47255.98375985763
T1198263,45944.21924026102
T1198264,35497.687537458485
T1198265,42525.42536309672
T1198266,39833.045582200604
T1198267,55651.42221515817
T1198268,47229.25712761817
T1198269,67027.01915877385
T1198270,38319.23245247425
T1198271,61994.655747225144
T1198272,27784.029666079194
T1198273,37814.5628431261
T1198274,30336.819979770244
T1198275,64406.66811116226
T1198276,62191.88045510363
T1198277,23744.948693468414
T1198278,35099.64693671366
T1198279,46932.76811326116
T1198280,34791.47902589972
T1198281,29959.623894603326
T1198282,41829.06655926302
T1198283,52978.25544667454
T1198284,33054.24954607733
T1198285,54532.249791894705
T1198286,38006.30935938174
T1198287,36431.31734702519
T1198288,42780.25923485938
T1198289,35255.294841041155
T1198290,28659.4970955521
T1198291,38021.14550567952
T1198292,36015.594905978214
T1198293,42289.45380625144
T1198294,54597.98418038044
T1198295,36143.70083424117
T1198296,41942.973521537955
T1198297,44444.42391875736
T1198298,55668.78106774605
T1198299,44826.45537933667
T1198300,47796.58466215246
T1198301,54257.01690865294
T1198302,35748.74019732988
T1198303,41330.47619064265
T1198304,28425.493917590473
T1198305,31884.977684648933
T1198306,31777.286203305495
T1198307,45934.89169289499
T1198308,43089.45294608373
T1198309,37812.28236848363
T1198310,23013.350202607733
T1198311,28271.314564561988
T1198312,37285.117259107865
T1198313,33189.20609916319
T1198314,34346.917271801314
T1198315,28442.080285690816
T1198316,35969.73367928187
T1198317,66940.25171364179
T1198318,45792.03962293638
T1198319,61729.00337327718
T1198320,28058.624982388796
T1198321,35161.88795055593
T1198322,46861.991534512534
T1198323,37932.93116483006
T1198324,42934.207729784495
T1198325,56150.02415432806
T1198326,35668.19172269965
T1198327,29877.870685414415
T1198328,55911.22130169067
T1198329,26489.241213580888
T1198330,30378.128439790882
T1198331,65195.531331461825
T1198332,35691.91541677304
T1198333,54716.75277005943
T1198334,35256.09232462744
T1198335,33076.33569948496
T1198336,32766.38444570635
T1198337,27292.79780769428
T1198338,54662.94275113543
T1198339,74833.28080765282
T1198340,46829.24089857305
T1198341,56917.49758306425
T1198342,62061.092803631494
T1198343,55129.08629671438
T1198344,28422.371874937995
T1198345,64478.64943771612
T1198346,47567.873031075134
T1198347,31387.662901213425
T1198348,37285.117259107865
T1198349,50280.454949450825
T1198350,40920.331032276874
T1198351,42090.40526450971
T1198352,55708.15197885548
T1198353,35965.82061178204
T1198354,33586.73531949147
T1198355,41330.47619064265
T1198356,33388.97458338272
T1198357,44739.729733476415
T1198358,31003.645259510566
T1198359,44001.67637827923
T1198360,38391.06532696399
T1198361,32069.669571439994
T1198362,63057.14275402342
T1198363,35251.29229215797
T1198364,42272.141803609025
T1198365,35750.82854449721
T1198366,32736.66594402774
T1198367,61670.77905293644
T1198368,40981.79308700396
T1198369,34110.87675258984
T1198370,22902.420370367643
T1198371,62669.04979306151
T1198372,33189.72446703779
T1198373,35691.91541677304
T1198374,36079.09195506594
T1198375,28359.39880345323
T1198376,26119.09889379841
T1198377,28965.82938702335
T1198378,63057.62517439665
T1198379,63921.3860454812
T1198380,41910.9606587785
T1198381,34590.709570057246
T1198382,32051.924617090397
T1198383,39127.1487624308
T1198384,27153.94906147767
T1198385,39507.96480550303
T1198386,32439.06506229199
T1198387,37272.713104199414
T1198388,34801.103955735656
T1198389,61912.258309375444
T1198390,30800.39819140443
T1198391,53874.884552830896
T1198392,57846.815064913884
T1198393,33196.90331966801
T1198394,46571.75242938496
T1198395,33959.54934905778
T1198396,38554.07391465513
T1198397,35446.59049529118
T1198398,49103.11475157202
T1198399,46027.11327133297
T1198400,23676.731276678453
T1198401,23069.290191682845
T1198402,30878.552566155602
T1198403,35057.36509526693
T1198404,45320.144213462474
T1198405,34195.093106453074
T1198406,35152.52685531814
T1198407,42934.207729784495
T1198408,34761.372768732836
T1198409,42934.207729784495
T1198410,46484.50516496121
T1198411,35529.13715594773
T1198412,37209.734260167745
T1198413,65104.954773819634
T1198414,53561.23025609129
T1198415,23542.507702704468
T1198416,42976.93536645559
T1198417,38197.07203892093
T1198418,37920.82804597036
T1198419,33782.36765631085
T1198420,54752.192243590725
T1198421,36338.57944509196
T1198422,65374.867301326725
T1198423,66233.7119609668
T1198424,55004.14904372121
T1198425,61264.69780295771
T1198426,43219.04453343665
T1198427,39071.44649051283
T1198428,41697.72095090278
T1198429,38784.404067226795
T1198430,52568.19998228944
T1198431,43773.72225521228
T1198432,32087.33219244467
T1198433,35107.964385572835
T1198434,38440.695191610044
T1198435,53634.44898195157
T1198436,53416.61428673908
T1198437,27721.097713829553
T1198438,55980.78336714501
T1198439,42658.677466498586
T1198440,37357.113702362105
T1198441,42491.24553308636
T1198442,36484.23065106573
T1198443,35497.687537458485
T1198444,46749.48876570744
T1198445,32209.701437771473
T1198446,34934.46742012456
T1198447,42479.34246150239
T1198448,37932.93116483006
T1198449,35264.67050225671
T1198450,35284.46553306631
T1198451,29652.4455395552
T1198452,38037.972844950964
T1198453,62401.559408306835
T1198454,53187.383656963895
T1198455,52800.4615306749
T1198456,51660.177646439144
T1198457,52442.4637462308
T1198458,41803.64298265096
T1198459,22902.420370367643
T1198460,39840.511368366475
T1198461,37357.113702362105
T1198462,61241.860647437665
T1198463,43219.04453343665
T1198464,61330.77802763163
T1198465,34497.84855244685
T1198466,36544.771895207676
T1198467,54765.82440616695
T1198468,42595.67469183787
T1198469,62416.439842646556
T1198470,43141.21339641788
T1198471,31875.653917449832
T1198472,55758.39477183604
T1198473,22967.120331984395
T1198474,28024.473694528264
T1198475,36902.33959269239
T1198476,35107.964385572835
T1198477,33300.93678994202
T1198478,32166.502271841495
T1198479,35428.07404665926
T1198480,39306.48470983843
T1198481,39551.69391557803
T1198482,43860.48351187824
T1198483,41552.01247841185
T1198484,54407.99853696572
T1198485,53559.82223827014
T1198486,38924.11248021241
T1198487,47102.11425012077
T1198488,31154.771977216456
T1198489,29164.574805052755
T1198490,57057.891624329386
T1198491,44590.7295569248
T1198492,47789.098466815405
T1198493,46259.63654301503
T1198494,35051.155700795964
T1198495,46586.25405479045
T1198496,43624.13159256699
T1198497,34498.84151017427
T1198498,44601.27056676152
T1198499,52978.25544667454
T1198500,38037.972844950964
T1198501,38991.58896691752
T1198502,31549.490826694477
T1198503,39491.992678297436
T1198504,38955.18366685627
T1198505,55911.22130169067
T1198506,53770.288592864
T1198507,31151.857609998977
T1198508,27402.671083894074
T1198509,31407.272500998424
T1198510,22020.86505818663
T1198511,44790.5047075952
T1198512,34930.141202455554
T1198513,44426.688066420444
T1198514,53426.20677094008
T1198515,64480.14611398271
T1198516,45894.85973711174
T1198517,35947.76156754686
T1198518,33554.54076150697
T1198519,33231.59499966647
T1198520,44674.058380040384
T1198521,34934.46742012456
T1198522,39355.926621442195
T1198523,27337.206640133656
T1198524,23005.152032764505
T1198525,34757.45977500365
T1198526,52606.246154782806
T1198527,33726.109625843594
T1198528,56917.49758306425
T1198529,54177.46298162696
T1198530,52455.199991098765
T1198531,39088.96091917335
T1198532,57498.09885510988
T1198533,38333.27424735108
T1198534,54893.08536484748
T1198535,34907.415234341475
T1198536,41721.96033916771
T1198537,34110.87675258984
T1198538,23177.521177609815
T1198539,44873.51910816488
T1198540,47072.545655230846
T1198541,32567.749352519648
T1198542,55004.14904372121
T1198543,35965.82061178204
T1198544,37378.839494319276
T1198545,44286.50413633995
T1198546,45588.391778587145
T1198547,46006.32032417177
T1198548,39505.71698574514
T1198549,42828.7196851102
T1198550,28202.227047971224
T1198551,27052.259242028616
T1198552,54841.75765569239
T1198553,62880.61581478922
T1198554,28399.797542360797
T1198555,27076.283368977052
T1198556,35428.07404665926
T1198557,33886.03537579619
T1198558,38319.23245247425
T1198559,46586.25405479045
T1198560,46988.23789770557
T1198561,32842.64866325449
T1198562,43692.479238358545
T1198563,37520.08128131281
T1198564,35025.38502364075
T1198565,54731.71737193653
T1198566,47954.3033819357
T1198567,36973.48190076794
T1198568,44644.52643987511
T1198569,36589.327780342945
T1198570,38745.38486623652
T1198571,37890.15749028717
T1198572,29331.496401424713
T1198573,66082.48511580788
T1198574,32623.253061336658
T1198575,63670.56376854249
T1198576,31943.072245851246
T1198577,31190.866226624756
T1198578,36538.56396090296
T1198579,40683.817819306874
T1198580,35690.06336292178
T1198581,45608.09122685813
T1198582,36486.66834599758
T1198583,56649.065345319126
T1198584,27748.95055504957
T1198585,36218.621444733326
T1198586,23864.33400868257
T1198587,44157.49066469426
T1198588,35070.47725526363
T1198589,64454.05494692413
T1198590,45817.552709310134
T1198591,28076.595986301953
T1198592,37503.24895682196
T1198593,31727.66332723917
T1198594,47047.49486134824
T1198595,58391.867648759544
T1198596,35709.973769815064
T1198597,43505.670611748465
T1198598,43477.65205047333
T1198599,34379.85567579479
T1198600,43219.44353501666
T1198601,36083.523022431495
T1198602,27676.829796252474
T1198603,34210.711650260215
T1198604,39205.411614773744
T1198605,56177.56582045237
T1198606,61098.172893531206
T1198607,38530.820018972816
T1198608,45360.89910523116
T1198609,45509.820051675015
T1198610,32454.973446814896
T1198611,29421.406374364975
T1198612,79958.31020219726
T1198613,42217.439382602926
T1198614,43831.391731261414
T1198615,38694.00455745512
T1198616,37932.737249376936
T1198617,36985.06484402569
T1198618,34333.649374194145
T1198619,48491.419335606464
T1198620,56402.3821558912
T1198621,42952.48309793063
T1198622,35348.350585865985
T1198623,47813.36034243266
T1198624,34139.048534576454
T1198625,36985.06484402569
T1198626,42592.34710878435
T1198627,28717.945806205596
T1198628,55801.35657296293
T1198629,40243.05715659372
T1198630,23233.179271277902
T1198631,42173.504027084055
T1198632,36486.66834599758
T1198633,37050.53250079449
T1198634,45889.78203460283
T1198635,39993.43217726386
T1198636,40126.1304787183
T1198637,56198.817626447024
T1198638,32263.70163251528
T1198639,37386.24014985589
T1198640,47361.268380346984
T1198641,44593.16405515636
T1198642,39282.0884369003
T1198643,42173.504027084055
T1198644,64098.265013925724
T1198645,56107.73996093193
T1198646,67215.44320177501
T1198647,42651.681441725705
T1198648,32710.5631838541
T1198649,29722.218384661497
T1198650,68121.03313593092
T1198651,39922.01572205633
T1198652,56986.99571006085
T1198653,64419.31649210076
T1198654,23156.835868238966
T1198655,37110.60417226497
T1198656,55067.133503333826
T1198657,43513.68335609622
T1198658,62338.10592983927
T1198659,38027.1924516169
T1198660,41186.49204905978
T1198661,30724.40064213304
T1198662,31051.978836667466
T1198663,53725.52351070961
T1198664,29021.458659991247
T1198665,33668.31097338967
T1198666,36907.434108275855
T1198667,40481.5300569925
T1198668,45741.58886722793
T1198669,36693.78341299055
T1198670,40396.07218520032
T1198671,34154.88555244297
T1198672,38434.072492193765
T1198673,48101.57757542783
T1198674,30015.01728979879
T1198675,46786.56744941223
T1198676,29380.74677507008
T1198677,55624.97356856281
T1198678,54987.14010174196
T1198679,68557.69969397802
T1198680,48668.220950972245
T1198681,54214.184897663974
T1198682,42575.09227440856
T1198683,38956.75756991655
T1198684,40773.51594834472
T1198685,43042.807113776435
T1198686,54880.87878211257
T1198687,31879.69871886645
T1198688,63876.73764816049
T1198689,34012.43735871655
T1198690,45608.09122685813
T1198691,47147.00650999421
T1198692,57282.26320314371
T1198693,44915.16515781158
T1198694,22187.626463337983
T1198695,42407.42953694511
T1198696,32167.693233136113
T1198697,38956.75756991655
T1198698,36288.086962133195
T1198699,57574.30130404128
T1198700,57282.26320314371
T1198701,43961.361431149795
T1198702,39995.586726864625
T1198703,30579.298104119076
T1198704,35521.12803189044
T1198705,45636.405644350285
T1198706,36032.04903068359
T1198707,47756.0292731511
T1198708,53876.987226681
T1198709,40855.86233630157
T1198710,35154.757393494845
T1198711,35709.973769815064
T1198712,46940.91926018359
T1198713,44019.99901703582
T1198714,23760.511269635244
T1198715,34518.70864340791
T1198716,29372.62667213963
T1198717,54847.10533739796
T1198718,66778.189248478
T1198719,41870.62762759091
T1198720,29624.356577238483
T1198721,39995.586726864625
T1198722,44756.50290741767
T1198723,58348.49121437501
T1198724,37865.86615755368
T1198725,36392.9133107514
T1198726,40641.412851524605
T1198727,55211.46603863427
T1198728,39075.593939431266
T1198729,34714.50283585279
T1198730,37657.87994355062
T1198731,56068.00178199862
T1198732,63976.19388020629
T1198733,54460.270612732216
T1198734,44157.49066469426
T1198735,63430.51571319431
T1198736,34308.787246504755
T1198737,54431.38556118145
T1198738,68033.5139712995
T1198739,66287.61986095147
T1198740,33019.28151632729
T1198741,64530.21897984157
T1198742,29165.852091053595
T1198743,39795.7506840272
T1198744,36868.76296139602
T1198745,34640.656184428
T1198746,23414.034145902515
T1198747,39007.43992173722
T1198748,27276.177375660704
T1198749,54107.60650095375
T1198750,64901.61818208588
T1198751,56198.817626447024
T1198752,45367.23716166428
T1198753,46545.3549847168
T1198754,44954.228454777025
T1198755,33256.51251785207
T1198756,31746.7060181938
T1198757,53651.6957053561
T1198758,39255.83019619116
T1198759,35685.70553007065
T1198760,45866.04072459062
T1198761,34928.25875555774
T1198762,47772.327111957995
T1198763,42173.504027084055
T1198764,56096.05817081505
T1198765,36129.11855711079
T1198766,56289.276594585164
T1198767,51768.22390246047
T1198768,32013.634305740197
T1198769,57025.94624556926
T1198770,34928.25875555774
T1198771,40996.01376134607
T1198772,28093.536277547137
T1198773,56016.78511180186
T1198774,63817.44268154919
T1198775,41808.45886022978
T1198776,63927.29202923044
T1198777,76326.79972493992
T1198778,36775.63372390839
T1198779,33699.15957307535
T1198780,29360.694493397397
T1198781,66264.34621596705
T1198782,36218.621444733326
T1198783,23166.650574973326
T1198784,38027.1924516169
T1198785,58907.254478406554
T1198786,36693.78341299055
T1198787,27879.94897160261
T1198788,48562.36833888554
T1198789,29007.867261728836
T1198790,44228.62926476215
T1198791,57100.87632376546
T1198792,45528.85564127285
T1198793,35290.49133003162
T1198794,43628.341226440774
T1198795,42911.158466589055
T1198796,63029.071643080744
T1198797,37865.86615755368
T1198798,23216.98301063793
T1198799,23166.650574973326
T1198800,29261.08943767773
T1198801,42629.323176924016
T1198802,52931.47282437225
T1198803,37562.85551339781
T1198804,55353.24594824712
T1198805,35876.733568124444
T1198806,35138.56051736362
T1198807,66303.99013772223
T1198808,45651.15186123673
T1198809,44088.69550134963
T1198810,34293.25183155337
T1198811,53947.41211001645
T1198812,47017.89154165065
T1198813,47361.268380346984
T1198814,34253.51722107607
T1198815,32526.695384153645
T1198816,43214.91688365527
T1198817,40683.817819306874
T1198818,46754.52832663649
T1198819,36122.84594368285
T1198820,57230.897296911506
T1198821,39118.425756366574
T1198822,36671.10210617026
T1198823,27910.60061611831
T1198824,36123.010048298835
T1198825,58348.49121437501
T1198826,58348.49121437501
T1198827,66306.68792147744
T1198828,30825.833162393286
T1198829,46940.23308723115
T1198830,48130.45003946675
T1198831,36085.672317371704
T1198832,39075.14989185495
T1198833,32974.95102397924
T1198834,27642.307998699223
T1198835,54600.3837627093
T1198836,57282.26320314371
T1198837,43961.361431149795
T1198838,67669.39245879553
T1198839,43961.361431149795
T1198840,37869.20734400128
T1198841,46260.21752464421
T1198842,37503.24895682196
T1198843,35730.35629591605
T1198844,57331.20673066378
T1198845,47468.623538799686
T1198846,44320.15454266476
T1198847,35839.23560285172
T1198848,54214.184897663974
T1198849,35876.733568124444
T1198850,47714.981151096916
T1198851,37869.20734400128
T1198852,68645.57728196656
T1198853,36085.672317371704
T1198854,44743.85250919477
T1198855,40218.8360509409
T1198856,44155.39607605352
T1198857,31404.722406377696
T1198858,64098.265013925724
T1198859,57060.50444816825
T1198860,26651.81894813376
T1198861,29766.069397313026
T1198862,55481.093294680424
T1198863,53966.05346765896
T1198864,54633.44008281164
T1198865,54921.16495338966
T1198866,34774.98016807413
T1198867,33915.13588147817
T1198868,64786.17032066547
T1198869,39118.425756366574
T1198870,35734.59376817016
T1198871,37009.538169482075
T1198872,36589.327780342945
T1198873,66657.5545562614
T1198874,42858.76710525702
T1198875,34774.98016807413
T1198876,35495.61974297677
T1198877,42715.539076199646
T1198878,62914.680102557475
T1198879,59153.816084893035
T1198880,35391.7687415977
T1198881,32747.41904617044
T1198882,42303.75516756411
T1198883,43069.49470405497
T1198884,36032.04903068359
T1198885,32618.05297350179
T1198886,39251.73488824502
T1198887,36303.26905849581
T1198888,41100.88356328631
T1198889,23903.35103423248
T1198890,55850.98173646745
T1198891,43419.31681026062
T1198892,29528.25068560739
T1198893,35730.35629591605
T1198894,36341.22669342542
T1198895,39360.654905812
T1198896,62338.10592983927
T1198897,47965.67885474698
T1198898,64240.72739485254
T1198899,35112.13697573461
T1198900,47662.11120533135
T1198901,32878.496510162084
T1198902,29995.818921371836
T1198903,35709.973769815064
T1198904,53303.69768358363
T1198905,34422.75775608395
T1198906,31225.749072737635
T1198907,47468.623538799686
T1198908,43840.93574471202
T1198909,38434.072492193765
T1198910,26795.95364146951
T1198911,37410.886607430104
T1198912,48070.353061003974
T1198913,46847.79592970033
T1198914,43303.605938996814
T1198915,36085.83633201448
T1198916,57933.59544594531
T1198917,36673.193916001954
T1198918,36507.109797201316
T1198919,39255.83019619116
T1198920,28476.739221653
T1198921,57431.59445688309
T1198922,55590.1941477604
T1198923,54769.393807289045
T1198924,35709.973769815064
T1198925,23331.587658812034
T1198926,38731.36015018138
T1198927,57826.089174264525
T1198928,39811.45510169787
T1198929,59159.29897825678
T1198930,35227.481549211196
T1198931,64713.90433835325
T1198932,43814.58404951273
T1198933,35063.98420586048
T1198934,43286.9621717859
T1198935,55900.15258085503
T1198936,35762.818674658985
T1198937,42996.52496485093
T1198938,35343.426789625475
T1198939,29689.536152710363
T1198940,46546.713096030486
T1198941,35553.02128076642
T1198942,41026.72684960115
T1198943,44622.50013859868
T1198944,39791.66262334234
T1198945,33612.17572774176
T1198946,41319.50707931379
T1198947,43434.48947531263
T1198948,44274.42437897121
T1198949,35950.09243603
T1198950,43434.48947531263
T1198951,57414.92011215238
T1198952,40240.66717875865
T1198953,49360.72193049803
T1198954,45494.29642298618
T1198955,29502.791636793172
T1198956,59361.19354694726
T1198957,40262.43165882209
T1198958,70156.71404584909
T1198959,44393.77073819098
T1198960,47668.709280743045
T1198961,35028.30314922684
T1198962,45494.29642298618
T1198963,62017.521806193065
T1198964,45577.653794599675
T1198965,39938.910703819245
T1198966,49645.92622807799
T1198967,50994.36471518019
T1198968,45119.6266312402
T1198969,42085.98551107037
T1198970,34687.38242602481
T1198971,65642.32560286955
T1198972,57179.03120095072
T1198973,57485.42419291214
T1198974,34602.91330135739
T1198975,37069.1605646003
T1198976,32105.786133366044
T1198977,40954.33303382693
T1198978,68766.09086343362
T1198979,45079.28277984444
T1198980,44393.77073819098
T1198981,45158.564609665475
T1198982,56521.21124520903
T1198983,64384.821537028576
T1198984,41319.50707931379
T1198985,29325.431004939084
T1198986,58138.96931953428
T1198987,38858.47059500392
T1198988,45545.51506701769
T1198989,55810.05598587288
T1198990,43014.08247778264
T1198991,38728.41753015269
T1198992,34835.94911330245
T1198993,39883.896307741525
T1198994,60694.17075673871
T1198995,41342.450222872634
T1198996,35800.2684161175
T1198997,44882.164570268964
T1198998,44993.930775402325
T1198999,40083.10523823513
T1199000,38793.16079101134
T1199001,39250.481852911755
T1199002,67756.51234325914
T1199003,46345.28326324478
T1199004,57855.34607511521
T1199005,44142.97980574963
T1199006,40132.88779403425
T1199007,60561.297103000215
T1199008,56608.929670361314
T1199009,25815.229329587833
T1199010,52603.92330080972
T1199011,45565.14485587271
T1199012,40660.02617222078
T1199013,41415.155169422105
T1199014,40528.47285108358
T1199015,44965.11987196288
T1199016,41649.98697657811
T1199017,43852.89351368398
T1199018,69143.4230550189
T1199019,58261.33199112746
T1199020,28265.109785397293
T1199021,39239.0346488876
T1199022,35471.14429444881
T1199023,41705.95979269487
T1199024,32043.663635203746
T1199025,44240.28434272957
T1199026,41005.22710569285
T1199027,66844.24909203095
T1199028,60067.13609027539
T1199029,65665.09439778817
T1199030,64631.065590666905
T1199031,44280.934554500105
T1199032,60299.26225161921
T1199033,30489.351244097084
T1199034,58500.36805605907
T1199035,54560.48378844839
T1199036,32754.72247714603
T1199037,58138.57427394667
T1199038,29628.274592892496
T1199039,37033.97117880121
T1199040,36402.22664195627
T1199041,37126.889581715935
T1199042,39528.792581035326
T1199043,40762.006778968185
T1199044,55241.416268872585
T1199045,35276.90645572307
T1199046,34873.752580373155
T1199047,30371.22826471176
T1199048,64865.92911983411
T1199049,29931.543102381806
T1199050,60838.97270186304
T1199051,49236.57166470622
T1199052,41782.01955679776
T1199053,39250.481852911755
T1199054,37117.143694713384
T1199055,34139.58853021796
T1199056,45494.29642298618
T1199057,33232.16322871018
T1199058,50955.5539335748
T1199059,41407.63774974182
T1199060,38728.41753015269
T1199061,40821.98009190838
T1199062,32791.074735356684
T1199063,61846.33707893296
T1199064,43700.30730857332
T1199065,46178.878563648
T1199066,51782.90313818086
T1199067,74254.22038787193
T1199068,68922.44117072766
T1199069,30387.79225915238
T1199070,26200.570872354634
T1199071,42172.40840734583
T1199072,44707.40597720593
T1199073,49352.382417642235
T1199074,58420.3598925874
T1199075,30444.93567884893
T1199076,40240.79859665591
T1199077,49385.18453004277
T1199078,82162.93431360145
T1199079,42692.6604298341
T1199080,56224.383200002085
T1199081,33696.86598665942
T1199082,69300.22950747094
T1199083,42373.08395487811
T1199084,46284.63284390137
T1199085,54559.68946916315
T1199086,60600.72482010572
T1199087,46133.090198158476
T1199088,45529.18097795596
T1199089,50321.15822812969
T1199090,33709.33184472242
T1199091,55049.38078264761
T1199092,40114.82176564459
T1199093,40691.04040138423
T1199094,42905.66449303201
T1199095,57397.544349810734
T1199096,41670.69387137604
T1199097,39717.762227260435
T1199098,51971.07753623993
T1199099,51638.31796532576
T1199100,35446.95458885005
T1199101,32132.344567837983
T1199102,64886.66071433751
T1199103,43065.19736957696
T1199104,37021.791162008645
T1199105,41408.39329608327
T1199106,30438.06056205609
T1199107,41186.90796422306
T1199108,65967.16186177258
T1199109,61846.33707893296
T1199110,45016.7362747912
T1199111,33665.65855242656
T1199112,40282.50801797691
T1199113,49579.48949795527
T1199114,43969.394968789165
T1199115,45428.973181528796
T1199116,41386.21180135721
T1199117,44394.025323342496
T1199118,39717.762227260435
T1199119,71165.9451632871
T1199120,38860.89884909886
T1199121,58013.74863444127
T1199122,43434.48947531263
T1199123,65105.37261586956
T1199124,43633.704432360915
T1199125,29728.20503853827
T1199126,40570.65098601992
T1199127,56492.33093337418
T1199128,39730.06962247387
T1199129,36918.663007416806
T1199130,39673.625696753275
T1199131,48479.39870266273
T1199132,46087.725470589015
T1199133,39528.792581035326
T1199134,39717.762227260435
T1199135,45299.938860729395
T1199136,40136.321751363714
T1199137,58691.11939125431
T1199138,39892.49901159594
T1199139,38673.819462407504
T1199140,65299.45062707608
T1199141,50023.39985420607
T1199142,32745.588087582597
T1199143,29534.145116049734
T1199144,35590.49953288394
T1199145,40582.82109368899
T1199146,43969.394968789165
T1199147,65440.189422853226
T1199148,40132.88779403425
T1199149,58437.65437347172
T1199150,66888.32618977902
T1199151,48502.484085688775
T1199152,51841.66698610917
T1199153,33223.41679934894
T1199154,66858.83048396854
T1199155,42916.13732034416
T1199156,45628.40776982645
T1199157,43418.252736355484
T1199158,44654.72164281012
T1199159,67668.46910185802
T1199160,38255.30510022885
T1199161,29535.31463634653
T1199162,64705.86720023032
T1199163,67189.27493676633
T1199164,44456.40719914948
T1199165,58776.23004621879
T1199166,35116.136050363304
T1199167,38255.30510022885
T1199168,58493.3157778527
T1199169,56309.517166179976
T1199170,65105.37261586956
T1199171,40021.272274082134
T1199172,57323.837845821996
T1199173,37345.178072230156
T1199174,55505.30725913721
T1199175,39823.526206118586
T1199176,32426.58027557657
T1199177,45037.088719072046
T1199178,67130.98614159266
T1199179,43875.19460959352
T1199180,25488.21651243173
T1199181,57861.22361805196
T1199182,69143.4230550189
T1199183,41411.441526246264
T1199184,30067.9265320637
T1199185,55476.812195028404
T1199186,46908.259865851665
T1199187,40427.12885942505
T1199188,35214.486760611966
T1199189,41782.01955679776
T1199190,29728.20503853827
T1199191,48992.24416288306
T1199192,28948.74788499449
T1199193,44615.38458101759
T1199194,57936.94996846553
T1199195,48140.05559764794
T1199196,60433.11095033841
T1199197,49468.976788829896
T1199198,49262.52733165601
T1199199,36039.986971789804
T1199200,39883.896307741525
T1199201,40114.82176564459
T1199202,38557.436773131034
T1199203,45739.97411980358
T1199204,49058.04524213379
T1199205,34799.35826581196
T1199206,38571.04853651878
T1199207,48594.63189267997
T1199208,58845.96138156649
T1199209,42148.35925477035
T1199210,61846.33707893296
T1199211,29043.244548315583
T1199212,59343.42041157285
T1199213,51393.300531136956
T1199214,43065.19736957696
T1199215,64659.88822326806
T1199216,77823.61244809578
T1199217,32796.74872973415
T1199218,61174.52192452083
T1199219,53003.57212532089
T1199220,66954.54682827678
T1199221,35028.577225857
T1199222,41705.95979269487
T1199223,65251.84514863508
T1199224,58261.33199112746
T1199225,53520.83479810547
T1199226,49987.21837063476
T1199227,40582.82109368899
T1199228,38038.753927282734
T1199229,44100.74936441116
T1199230,37023.57640609417
T1199231,57379.980130885386
T1199232,40034.142552825746
T1199233,39771.73291637665
T1199234,29479.180924838976
T1199235,48000.24456898471
T1199236,42433.23536947142
T1199237,51338.39439528568
T1199238,32491.07095348028
T1199239,41176.20436424141
T1199240,57520.98738949432
T1199241,68484.45307785
T1199242,65351.284897155005
T1199243,35785.641883389166
T1199244,56734.02451528887
T1199245,54860.61250813026
T1199246,53277.484430012075
T1199247,56135.08475410434
T1199248,42447.699097452074
T1199249,39673.625696753275
T1199250,42057.8032268079
T1199251,30299.34938609323
T1199252,42052.11032133015
T1199253,45545.51506701769
T1199254,57825.570573339835
T1199255,41250.962050460665
T1199256,36406.200862387996
T1199257,59331.211005809455
T1199258,39115.554121038535
T1199259,76629.9795336649
T1199260,35352.06966248917
T1199261,25945.797222386947
T1199262,38817.76713728946
T1199263,36077.99817550441
T1199264,50023.39985420607
T1199265,64659.88822326806
T1199266,49142.534783982206
T1199267,64144.07109134427
T1199268,38793.16079101134
T1199269,45091.46682785108
T1199270,48772.34448178918
T1199271,66845.95730681023
T1199272,25703.786573696936
T1199273,43912.75964406098
T1199274,54451.5156643333
T1199275,55655.71960795409
T1199276,56064.15409498587
T1199277,48468.209359234024
T1199278,55739.64829057331
T1199279,41550.0514053864
T1199280,47154.47211703551
T1199281,43739.1013141098
T1199282,32876.75022931902
T1199283,41248.80673071248
T1199284,48992.24416288306
T1199285,42467.11425957436
T1199286,60067.13609027539
T1199287,36008.408378525186
T1199288,28360.148464752703
T1199289,44346.18242621804
T1199290,41186.90796422306
T1199291,47529.857834098686
T1199292,44463.00802205238
T1199293,37898.2292857769
T1199294,63563.356725886864
T1199295,31320.697320494935
T1199296,42354.09223151592
T1199297,49806.550465095206
T1199298,32757.48821400409
T1199299,35093.84974347384
T1199300,55698.17988189863
T1199301,55378.50613693458
T1199302,35524.33816094854
T1199303,51003.99544131896
T1199304,35964.007597258096
T1199305,42617.146090207934
T1199306,44514.10494238172
T1199307,41298.04065197048
T1199308,29170.51696762666
T1199309,40329.69056521819
T1199310,57832.28659730213
T1199311,40568.36339871111
T1199312,39211.570574523736
T1199313,64091.87322308932
T1199314,51276.024844056825
T1199315,64966.75946005522
T1199316,40089.66636821568
T1199317,48009.73703425875
T1199318,31414.161200669856
T1199319,34830.07568609565
T1199320,41941.23171181128
T1199321,33684.36087962591
T1199322,57237.31854924177
T1199323,51146.66025445277
T1199324,60253.14477724745
T1199325,40485.087721218435
T1199326,37353.27638416166
T1199327,33416.05177951943
T1199328,56135.67589064451
T1199329,38511.48071912953
T1199330,32009.389292071133
T1199331,28873.412894376994
T1199332,47698.4888810564
T1199333,35394.20375813236
T1199334,38517.35413891159
T1199335,64709.781475543845
T1199336,52985.59365105573
T1199337,28116.92563859952
T1199338,44369.92916228141
T1199339,38563.00993469445
T1199340,39190.24015434924
T1199341,61750.142541279536
T1199342,50016.75821574794
T1199343,38939.49065018012
T1199344,29416.917033763966
T1199345,26789.03066775518
T1199346,42978.483290009
T1199347,42140.5831398019
T1199348,38979.91614581969
T1199349,31919.391234468163
T1199350,36747.50983728981
T1199351,31835.22934399073
T1199352,40869.695625077555
T1199353,61614.619673731126
T1199354,42015.948154611346
T1199355,43759.21787892472
T1199356,48895.57032227496
T1199357,38370.09167440402
T1199358,51824.666455867664
T1199359,30228.707305891752
T1199360,57244.48961358315
T1199361,61332.62276653871
T1199362,55787.10758995519
T1199363,44935.663004909526
T1199364,55289.74916636941
T1199365,55398.39279781855
T1199366,43926.09239713008
T1199367,36747.50983728981
T1199368,34708.446266742525
T1199369,63025.190349256256
T1199370,39018.64882019266
T1199371,40463.56904010357
T1199372,33018.34364779339
T1199373,52974.72769939237
T1199374,34258.18831717649
T1199375,47394.69284600569
T1199376,34634.24095951487
T1199377,48630.35951288107
T1199378,35459.518009008
T1199379,54350.93640545453
T1199380,39011.22297610927
T1199381,61622.016616601606
T1199382,65097.959974444224
T1199383,55065.756205888436
T1199384,44023.38585040218
T1199385,34052.58374155309
T1199386,44890.929456207035
T1199387,72849.69495339166
T1199388,42528.65024768408
T1199389,38463.97875984348
T1199390,43191.29386916635
T1199391,47716.38630812528
T1199392,40093.0257051692
T1199393,74030.54501474334
T1199394,30320.337125774702
T1199395,68026.08913063521
T1199396,39014.02857416167
T1199397,43444.450700683214
T1199398,54260.957354392965
T1199399,42690.48353032703
T1199400,56684.98255898353
T1199401,30281.96619368235
T1199402,38517.35413891159
T1199403,65097.959974444224
T1199404,64657.44827651691
T1199405,61905.14219833183
T1199406,34393.57886418884
T1199407,40911.59129868567
T1199408,56165.072452790526
T1199409,61022.05201191328
T1199410,33721.814646234816
T1199411,29474.11402889714
T1199412,33076.29092028704
T1199413,32500.25555492106
T1199414,38125.261767589145
T1199415,53246.15491636243
T1199416,35760.38740608135
T1199417,38563.6630766268
T1199418,34615.98239543846
T1199419,29277.88966699876
T1199420,65052.09903483474
T1199421,55775.38052703719
T1199422,39551.910443711364
T1199423,64113.094087200574
T1199424,39354.28643378145
T1199425,64727.795716697365
T1199426,64032.551547576055
T1199427,55374.50285881206
T1199428,53890.32506196472
T1199429,38375.33128374581
T1199430,32291.07601344504
T1199431,38583.42763477911
T1199432,39155.27320944733
T1199433,64383.60207539849
T1199434,42649.64609967456
T1199435,30219.247867343438
T1199436,40021.514537711155
T1199437,56131.89856731186
T1199438,35743.75497237614
T1199439,42801.29159653211
T1199440,66606.03905662274
T1199441,40719.74515637243
T1199442,37838.51796087762
T1199443,34969.92667179897
T1199444,30364.655810989516
T1199445,39455.183845953434
T1199446,44186.16216773681
T1199447,58194.86735638912
T1199448,34431.84642970306
T1199449,56409.69173301269
T1199450,38876.449204974044
T1199451,54610.46554767542
T1199452,37848.40436517319
T1199453,38939.49065018012
T1199454,73200.29723318125
T1199455,41072.18318948073
T1199456,35955.53401502623
T1199457,26392.196536986878
T1199458,56524.026986836085
T1199459,32026.478007462116
T1199460,38370.09167440402
T1199461,68168.53975655104
T1199462,51149.50923778575
T1199463,43708.3747740747
T1199464,37821.56627878452
T1199465,55627.54389999957
T1199466,26176.390893704793
T1199467,44310.194154343655
T1199468,43868.054228167246
T1199469,37495.80400056845
T1199470,63025.190349256256
T1199471,63735.00700161838
T1199472,41740.065054233644
T1199473,37678.92353185911
T1199474,43125.68702040883
T1199475,70731.66696485672
T1199476,32838.93316560997
T1199477,63963.943510785626
T1199478,65858.61082722625
T1199479,64201.624504273736
T1199480,27918.11558739541
T1199481,45082.561595083964
T1199482,43624.13939739432
T1199483,41356.92951362779
T1199484,44186.16216773681
T1199485,71201.76334331676
T1199486,33065.157422254975
T1199487,65950.98071556046
T1199488,34015.86555471354
T1199489,65097.959974444224
T1199490,31602.872688301555
T1199491,37838.51796087762
T1199492,43387.35453783629
T1199493,45949.05160473518
T1199494,67973.65406644181
T1199495,44186.16216773681
T1199496,64514.637009747195
T1199497,48612.35612623926
T1199498,34494.20718124115
T1199499,43239.47045692322
T1199500,42578.157705529964
T1199501,44530.24405296699
T1199502,32953.457554692985
T1199503,35055.101216614705
T1199504,44253.78896790234
T1199505,45056.77162180813
T1199506,64830.66160145827
T1199507,40675.67760334437
T1199508,43660.30602052118
T1199509,40403.77216592833
T1199510,66075.91888103128
T1199511,61503.431873471454
T1199512,32099.73267480307
T1199513,55715.07076430709
T1199514,42903.653702851196
T1199515,29667.733143901787
T1199516,38517.35413891159
T1199517,38511.48071912953
T1199518,47072.36259929724
T1199519,60457.765552216995
T1199520,51911.00674974195
T1199521,65858.61082722625
T1199522,75129.65171276414
T1199523,42528.65024768408
T1199524,63092.25240421469
T1199525,57021.508427154244
T1199526,48961.51747553982
T1199527,64295.00479945935
T1199528,43333.80753514736
T1199529,45328.091944661195
T1199530,56833.90009767286
T1199531,54399.54070191731
T1199532,44303.05610751815
T1199533,33294.180472643886
T1199534,65115.22803546493
T1199535,55904.310093426524
T1199536,42690.48353032703
T1199537,43899.327075581175
T1199538,43171.703036659244
T1199539,56036.178075340074
T1199540,28980.892558917396
T1199541,52853.43716772348
T1199542,63882.61389951566
T1199543,56630.70749801138
T1199544,40452.24505773932
T1199545,33026.60056857883
T1199546,37591.47061928187
T1199547,66270.24401896485
T1199548,28012.531515145685
T1199549,30195.416893318612
T1199550,39497.79042977861
T1199551,53232.25507725761
T1199552,52833.32265700721
T1199553,43730.61636067029
T1199554,39914.77135290935
T1199555,40637.73842032384
T1199556,42528.65024768408
T1199557,39712.33576958061
T1199558,29504.975114492747
T1199559,67377.81091342121
T1199560,34403.23542910826
T1199561,40198.79421946788
T1199562,50452.699000296605
T1199563,29394.33872073915
T1199564,34972.517012564305
T1199565,56245.31031643979
T1199566,42583.51379512819
T1199567,39551.910443711364
T1199568,39874.45216188145
T1199569,64106.969508020265
T1199570,62913.5047724895
T1199571,26350.54909328976
T1199572,34672.91568964089
T1199573,42140.5831398019
T1199574,43983.567210827125
T1199575,34266.3858888702
T1199576,37852.85398926767
T1199577,39975.57621949187
T1199578,68221.05482871438
T1199579,79325.21647569494
T1199580,32046.78565041136
T1199581,38517.35413891159
T1199582,67762.29389729109
T1199583,39434.50503839726
T1199584,28905.39405524543
T1199585,64566.765693986395
T1199586,39553.000139351454
T1199587,41942.32165195016
T1199588,51003.99544131896
T1199589,34847.67261491712
T1199590,37240.06291806112
T1199591,29384.4635596574
T1199592,37999.42665586067
T1199593,38425.540410551315
T1199594,42140.5831398019
T1199595,56409.69173301269
T1199596,54043.096783911205
T1199597,33044.63833842487
T1199598,39634.92758700284
T1199599,43026.21573566289
T1199600,44036.932038001745
T1199601,38563.6630766268
T1199602,32091.92319560426
T1199603,55852.28786806744
T1199604,28560.245163851498
T1199605,36729.62552745469
T1199606,26051.236850622146
T1199607,39586.1368270185
T1199608,54024.441254584235
T1199609,50165.59668023298
T1199610,41430.161240399655
T1199611,41870.253966021344
T1199612,55998.76345607246
T1199613,48009.73703425875
T1199614,34015.86555471354
T1199615,47864.85624773964
T1199616,55269.08038225997
T1199617,66308.16290288138
T1199618,37999.42665586067
T1199619,43765.1573119385
T1199620,66708.30721658784
T1199621,54422.50108909516
T1199622,43497.589282283305
T1199623,48275.31223638741
T1199624,43116.37735835446
T1199625,64566.765693986395
T1199626,64081.52075837384
T1199627,64967.31620474761
T1199628,44017.09562194857
T1199629,32642.32732606971
T1199630,55464.224388147035
T1199631,31560.106917551388
T1199632,51672.80292672956
T1199633,43379.54234965003
T1199634,39098.93852187619
T1199635,69368.52898994547
T1199636,40620.87512399023
T1199637,43333.80753514736
T1199638,44105.40488526066
T1199639,35316.028664580044
T1199640,48364.2040690847
T1199641,64061.64176761546
T1199642,44892.84949509349
T1199643,53575.19108965294
T1199644,32971.52763956646
T1199645,40161.24234544983
T1199646,28898.016558640582
T1199647,39098.93852187619
T1199648,40329.69056521819
T1199649,35555.99809671028
T1199650,40717.00130778368
T1199651,39918.56216663279
T1199652,35047.57723833967
T1199653,54184.07779658377
T1199654,37705.91919417945
T1199655,37855.67016863215
T1199656,46781.740565101565
T1199657,53509.95893790177
T1199658,35426.58306316777
T1199659,35804.0657078366
T1199660,65678.19052959111
T1199661,40794.02441897638
T1199662,37280.64889712437
T1199663,55339.960414232264
T1199664,55532.31492030862
T1199665,46992.668824933564
T1199666,44619.93947390604
T1199667,29777.43302163995
T1199668,57230.717190674135
T1199669,46788.71661658232
T1199670,36378.45037224779
T1199671,43643.34843730955
T1199672,44866.45364927375
T1199673,33732.26395300514
T1199674,47397.494848735805
T1199675,22909.77850495568
T1199676,26915.983886281643
T1199677,28082.562125468085
T1199678,29094.788887666287
T1199679,35921.14214529012
T1199680,33805.37172128166
T1199681,44144.562835330136
T1199682,46653.953177828
T1199683,52448.983014857746
T1199684,35411.148666077606
T1199685,43327.44886898008
T1199686,33545.996545305105
T1199687,32571.46277588369
T1199688,34879.00171946351
T1199689,44352.85905688655
T1199690,42579.5485194696
T1199691,52668.057624345856
T1199692,43513.88072127106
T1199693,38152.42857423668
T1199694,34982.48959093229
T1199695,43148.68251999
T1199696,35411.148666077606
T1199697,31536.31720299802
T1199698,28859.766804105308
T1199699,67283.35433448828
T1199700,33996.374235281146
T1199701,27457.85493066013
T1199702,30440.015991504304
T1199703,36030.067139255545
T1199704,38708.205144433115
T1199705,32353.31910559761
T1199706,30751.512337513766
T1199707,53528.51963369204
T1199708,54044.223679560666
T1199709,54790.11182355449
T1199710,62704.438596940185
T1199711,42732.60856419754
T1199712,29817.73989531959
T1199713,61571.230116475024
T1199714,30359.142200257687
T1199715,30481.2727693174
T1199716,65464.8460096974
T1199717,35545.303206297394
T1199718,28208.37040346317
T1199719,65218.380334949754
T1199720,56248.10681228418
T1199721,26797.348367457605
T1199722,63142.539725430375
T1199723,44444.847067163355
T1199724,34191.80589918418
T1199725,67039.59767494487
T1199726,43366.95007986198
T1199727,31568.984126791405
T1199728,57702.25889586338
T1199729,65563.75829526054
T1199730,63253.593970576636
T1199731,31351.96223673068
T1199732,71682.27992878528
T1199733,44174.17114953889
T1199734,43643.34843730955
T1199735,40702.718694848765
T1199736,64865.435445362855
T1199737,46788.71661658232
T1199738,30811.391644772222
T1199739,54067.37961461918
T1199740,42208.284821894566
T1199741,42377.973408928076
T1199742,38777.185227033704
T1199743,55532.31492030862
T1199744,67392.05865995928
T1199745,23419.259476628733
T1199746,79413.38631840803
T1199747,28817.11146194338
T1199748,65111.21189716734
T1199749,35317.41932828886
T1199750,42770.39428130714
T1199751,59772.875985936116
T1199752,35950.39028133626
T1199753,44514.491174595576
T1199754,37344.753121521186
T1199755,27681.485177401777
T1199756,62854.15709162085
T1199757,65960.17018503483
T1199758,36323.338503407285
T1199759,27046.00615842575
T1199760,35431.33295344071
T1199761,39317.41678992377
T1199762,35198.18491730326
T1199763,28203.62419210859
T1199764,54204.49060023396
T1199765,41793.36606085124
T1199766,34296.97466658549
T1199767,43155.24378740888
T1199768,32555.63766217381
T1199769,34085.99687849053
T1199770,44619.93947390604
T1199771,42407.424725322424
T1199772,41685.86819055455
T1199773,41742.46688212973
T1199774,55693.47430724653
T1199775,27247.737977526405
T1199776,37892.58325121016
T1199777,44218.52291733183
T1199778,27483.443956343046
T1199779,47365.63756332854
T1199780,54622.15564731162
T1199781,55089.48707155695
T1199782,34589.13034946369
T1199783,47426.376480113046
T1199784,36823.53689134931
T1199785,34311.32107114083
T1199786,34311.32107114083
T1199787,28666.4435889933
T1199788,52688.83240226873
T1199789,35538.93924401455
T1199790,37270.50096685825
T1199791,53750.63362853835
T1199792,43825.91067111905
T1199793,35333.26271889585
T1199794,27186.13273336489
T1199795,55775.75280508241
T1199796,32243.236199048682
T1199797,46575.16266654977
T1199798,31459.783432281176
T1199799,35317.41932828886
T1199800,41488.99230780104
T1199801,63075.90082975074
T1199802,52153.72904144647
T1199803,26379.093675488344
T1199804,40579.97683911973
T1199805,35600.77033106135
T1199806,52461.48342927675
T1199807,52513.59289354797
T1199808,46992.668824933564
T1199809,54498.1002404428
T1199810,43880.45859640094
T1199811,33244.32415066346
T1199812,32085.615645279046
T1199813,46468.61584896695
T1199814,53659.84796012469
T1199815,44248.25123185318
T1199816,27040.577639602507
T1199817,46533.86403539261
T1199818,62681.791434087165
T1199819,41920.54956955767
T1199820,55243.594372338164
T1199821,33900.743817552895
T1199822,43922.630565217514
T1199823,30126.37471033559
T1199824,28656.246338285062
T1199825,42264.716452555964
T1199826,40249.623203224575
T1199827,54849.66546663216
T1199828,55793.07644958226
T1199829,29117.403369395903
T1199830,45840.39039572659
T1199831,34651.618372231926
T1199832,62794.47443125464
T1199833,35378.22997476515
T1199834,32219.148320077293
T1199835,47774.08052236832
T1199836,43233.326568470526
T1199837,37312.708488868535
T1199838,40007.01977457251
T1199839,41563.27872084124
T1199840,62084.440074577404
T1199841,46417.852489163626
T1199842,43872.317443402826
T1199843,34658.33435221585
T1199844,41793.36606085124
T1199845,32624.48568194449
T1199846,36324.43084605563
T1199847,65572.32083732882
T1199848,31495.899033998518
T1199849,64325.553231605205
T1199850,33795.58279934511
T1199851,60990.370656036066
T1199852,32252.80396971858
T1199853,22983.704023202783
T1199854,53711.08022355823
T1199855,41793.36606085124
T1199856,37641.62448322859
T1199857,36973.31853126452
T1199858,53294.70796369464
T1199859,36362.79690271864
T1199860,36322.29714392637
T1199861,62226.25400193657
T1199862,43243.88072714873
T1199863,63499.29179537783
T1199864,38402.78236695151
T1199865,54074.11784026644
T1199866,34737.435134193554
T1199867,38669.42511808493
T1199868,27328.060202869707
T1199869,55913.82942471472
T1199870,47145.33400859102
T1199871,62628.526575078075
T1199872,54764.25981952846
T1199873,36322.29714392637
T1199874,31005.284841937188
T1199875,42763.157669481574
T1199876,36710.5779647417
T1199877,65283.71536150789
T1199878,42227.90920793428
T1199879,55352.297740495844
T1199880,53837.321167560745
T1199881,42891.77182880994
T1199882,28360.222133686726
T1199883,28235.37654127991
T1199884,23509.939995763325
T1199885,42585.73973250516
T1199886,44690.54089996168
T1199887,39464.14426028406
T1199888,63997.726794729504
T1199889,29284.729803483726
T1199890,52602.26475214193
T1199891,44932.04014833524
T1199892,64203.08091542022
T1199893,35812.9205601579
T1199894,36124.794429587426
T1199895,36042.40766820024
T1199896,27705.914032663597
T1199897,28661.64593542332
T1199898,47183.07078748596
T1199899,35812.9205601579
T1199900,34116.69541704646
T1199901,28120.25909891366
T1199902,39535.12344167022
T1199903,36022.01369102644
T1199904,56369.29081671311
T1199905,39456.0163216243
T1199906,39669.054555362214
T1199907,53382.61920080655
T1199908,31906.670430169903
T1199909,67146.14002667669
T1199910,40109.43271659019
T1199911,44311.89633546306
T1199912,34742.08577660508
T1199913,31568.984126791405
T1199914,65218.380334949754
T1199915,36157.97745597239
T1199916,56038.16049735044
T1199917,35613.595833475796
T1199918,34619.24290684756
T1199919,28865.67600734048
T1199920,33893.139410684686
T1199921,42568.19921555265
T1199922,44680.16492589702
T1199923,43182.809930381874
T1199924,28426.650350504297
T1199925,30943.230611130188
T1199926,34818.50614562971
T1199927,35317.41932828886
T1199928,43759.47576013173
T1199929,46333.01104579235
T1199930,53523.9976085047
T1199931,29208.880347740254
T1199932,47148.31202884266
T1199933,42377.973408928076
T1199934,47330.312497662584
T1199935,32751.392716449267
T1199936,23325.342124654875
T1199937,34621.253171217824
T1199938,42235.08496131543
T1199939,32858.19110411573
T1199940,47890.4608474394
T1199941,42988.14058687965
T1199942,66254.0367218639
T1199943,42694.590373334
T1199944,29741.72346279872
T1199945,47148.31202884266
T1199946,62854.15709162085
T1199947,47447.96387066878
T1199948,35378.22997476515
T1199949,39969.38642544085
T1199950,37316.43824127951
T1199951,33685.3728788872
T1199952,22760.72802979572
T1199953,63369.2621655623
T1199954,33503.225990936015
T1199955,40320.14322751955
T1199956,53912.25398422403
T1199957,37641.62448322859
T1199958,75693.73643432115
T1199959,45395.390629517206
T1199960,67740.89329017905
T1199961,35317.41932828886
T1199962,64422.59173451853
T1199963,54265.030279367755
T1199964,51360.39928420835
T1199965,35284.667797575865
T1199966,35505.869113880115
T1199967,46660.23990127486
T1199968,53881.540098813755
T1199969,38421.189159149224
T1199970,47426.376480113046
T1199971,65283.71536150789
T1199972,42872.18254479482
T1199973,66254.0367218639
T1199974,31520.840579967837
T1199975,57196.96562011724
T1199976,38739.48469591964
T1199977,35920.28837366373
T1199978,55377.8636197079
T1199979,44646.041926859834
T1199980,43283.861075785724
T1199981,42770.39428130714
T1199982,55309.455168104
T1199983,28752.95281899296
T1199984,35920.28837366373
T1199985,62645.72589921959
T1199986,63075.90082975074
T1199987,36949.967950519094
T1199988,37344.753121521186
T1199989,47959.07556369553
T1199990,30887.957202324793
T1199991,56188.22902905377
T1199992,43896.4749398771
T1199993,35593.40240255438
T1199994,46079.018387194636
T1199995,62681.791434087165
T1199996,43075.71835900449
T1199997,57196.96562011724
T1199998,40453.36773345445
T1199999,66515.79091698874
T1200000,39388.25534337987
T1200001,44317.73114212654
T1200002,73631.08709502307
T1200003,35221.94549123517
T1200004,39669.054555362214
T1200005,53667.716821987124
T1200006,67263.84942599501
T1200007,55647.55886987353
T1200008,45188.18389145636
T1200009,43660.30173821071
T1200010,41290.088731451586
T1200011,40097.45875721332
T1200012,67869.58583405243
T1200013,45738.11710749616
T1200014,39774.55965061554
T1200015,65314.22217436389
T1200016,40100.89787509792
T1200017,54273.125070613634
T1200018,30808.364935054473
T1200019,63621.76164195991
T1200020,34352.22929375887
T1200021,30988.49845695426
T1200022,63251.43229927009
T1200023,55672.57610256337
T1200024,32535.98285283492
T1200025,47363.96918632559
T1200026,27848.483991698144
T1200027,45749.58105920706
T1200028,31552.09977658082
T1200029,52321.58438064415
T1200030,28024.33397881164
T1200031,71164.19848260964
T1200032,27470.959408045615
T1200033,61834.088137314175
T1200034,64112.667331181
T1200035,35601.35024382725
T1200036,32241.25337277871
T1200037,55512.96633849367
T1200038,66153.3557424631
T1200039,27509.915443712165
T1200040,34561.45513687625
T1200041,31512.88834944378
T1200042,46678.13385600149
T1200043,45864.981472478095
T1200044,27274.157818921205
T1200045,42274.99805625716
T1200046,36375.122033872416
T1200047,33297.06945020198
T1200048,33555.56692699378
T1200049,45810.6186377598
T1200050,34337.58377802332
T1200051,35238.21901656108
T1200052,42883.8468445027
T1200053,33214.070182035895
T1200054,42017.962482238276
T1200055,52402.315409035866
T1200056,35085.1647757816
T1200057,38754.92190096262
T1200058,51875.195793720995
T1200059,64389.52557800041
T1200060,33872.131871468526
T1200061,61578.53170576132
T1200062,37164.141252479436
T1200063,55049.104869286435
T1200064,44231.45688973793
T1200065,53466.11383234348
T1200066,53173.691427809164
T1200067,55510.85443209637
T1200068,53913.013857809514
T1200069,42883.8468445027
T1200070,30329.23267887908
T1200071,43002.16414543615
T1200072,30988.49845695426
T1200073,41918.58793517568
T1200074,41129.68721724629
T1200075,37934.230264093414
T1200076,54452.72866764405
T1200077,31385.484970660273
T1200078,45673.79267090701
T1200079,54766.5948181115
T1200080,61492.665232666404
T1200081,32717.345442529044
T1200082,41524.923432965916
T1200083,26349.27274096863
T1200084,28572.006188016367
T1200085,22674.038386163036
T1200086,61578.53170576132
T1200087,38007.87205926531
T1200088,34023.19136626193
T1200089,31871.968721812267
T1200090,34026.802879213894
T1200091,46658.42508040093
T1200092,43961.204101585325
T1200093,43685.727631304435
T1200094,42962.30773479224
T1200095,43400.39912703697
T1200096,45869.8826525722
T1200097,63347.60462516367
T1200098,35225.188793083275
T1200099,32076.021367202535
T1200100,52966.63463848323
T1200101,51896.89748038286
T1200102,54992.41924296022
T1200103,37164.141252479436
T1200104,45952.42655170697
T1200105,44238.84304041914
T1200106,26466.08374003432
T1200107,31660.9586766402
T1200108,64832.53333803625
T1200109,30758.481001690303
T1200110,32070.02218891046
T1200111,36160.417522912314
T1200112,44523.19251484913
T1200113,53245.630987818135
T1200114,54485.68690292449
T1200115,33620.48090229968
T1200116,43736.56130980288
T1200117,31804.99608778026
T1200118,43141.71775021005
T1200119,54844.15124486381
T1200120,54972.762292946885
T1200121,38897.75175740227
T1200122,23337.735935527915
T1200123,57190.47676080338
T1200124,53906.8853926311
T1200125,38688.61003628044
T1200126,37571.84404505458
T1200127,46046.35526387246
T1200128,41744.119382973746
T1200129,52533.582972906726
T1200130,28218.230456481837
T1200131,33554.13282677352
T1200132,65097.79162847636
T1200133,34468.00922495617
T1200134,51175.60551103981
T1200135,30731.271947794332
T1200136,35636.457106434464
T1200137,52479.80718215936
T1200138,39679.79625097675
T1200139,42017.962482238276
T1200140,30441.112966411427
T1200141,46271.18925019321
T1200142,34669.042854159554
T1200143,51313.495086312134
T1200144,46787.00090756066
T1200145,36780.513970927284
T1200146,45292.69545914586
T1200147,54118.45465079477
T1200148,43419.92885505559
T1200149,34168.877795485925
T1200150,41057.29220190801
T1200151,35608.181167448776
T1200152,46847.343579870365
T1200153,43419.92885505559
T1200154,44313.366922991445
T1200155,35483.403208806274
T1200156,40780.00212512678
T1200157,40780.00212512678
T1200158,37729.433224844164
T1200159,27710.76733896473
T1200160,28349.045134735425
T1200161,62344.159525546114
T1200162,60386.81916848112
T1200163,42176.83937599515
T1200164,41916.435971322746
T1200165,61731.97696413151
T1200166,33015.610334178724
T1200167,35647.183103281735
T1200168,34259.66840386187
T1200169,39226.92396942333
T1200170,38775.33144221124
T1200171,33872.131871468526
T1200172,63064.01675818909
T1200173,30126.872941768546
T1200174,44231.45688973793
T1200175,55379.32437520483
T1200176,42322.00664725394
T1200177,41683.088937852575
T1200178,66468.23336459462
T1200179,30479.00790469857
T1200180,42491.839180159586
T1200181,35454.77393361776
T1200182,31798.402023109327
T1200183,35601.35024382725
T1200184,66283.46450903578
T1200185,31763.990777777173
T1200186,53457.93957880036
T1200187,52548.85036359499
T1200188,38427.63927691234
T1200189,46271.18925019321
T1200190,34961.10361947743
T1200191,38979.00704412494
T1200192,53457.93957880036
T1200193,62558.02679398602
T1200194,31327.153268067377
T1200195,43375.13368778894
T1200196,52141.104229849145
T1200197,42468.58943552275
T1200198,27760.829025624687
T1200199,36189.461952018115
T1200200,51719.05536148925
T1200201,46699.939501645764
T1200202,35299.76633905593
T1200203,34918.56469748085
T1200204,28244.51812751705
T1200205,26685.580024129187
T1200206,61845.46525054887
T1200207,35743.567968833086
T1200208,22710.977027419598
T1200209,43372.305082104416
T1200210,41866.007838051926
T1200211,27941.470817622136
T1200212,38176.48435823617
T1200213,28628.517297410497
T1200214,34721.75322391796
T1200215,31911.94128756511
T1200216,34597.393108611606
T1200217,50762.106596402286
T1200218,23517.0981157608
T1200219,31467.979650234563
T1200220,39276.10949033332
T1200221,28754.784996808947
T1200222,53297.09254127225
T1200223,27426.76838769721
T1200224,41282.5204339558
T1200225,51565.5354540278
T1200226,43690.075208674294
T1200227,34923.97899416059
T1200228,35608.181167448776
T1200229,42393.018887647384
T1200230,35051.483191038795
T1200231,27539.771832538667
T1200232,35498.7218047013
T1200233,32160.41679925256
T1200234,61504.09486421816
T1200235,53210.31822154654
T1200236,46278.119523985355
T1200237,29349.412167115508
T1200238,44028.56620686035
T1200239,30950.952126195178
T1200240,37795.0868098224
T1200241,45986.10200927512
T1200242,32148.32951708993
T1200243,56004.319892261265
T1200244,42085.27648945086
T1200245,23405.084274352055
T1200246,34779.80879769303
T1200247,35236.61883197185
T1200248,66984.80671885364
T1200249,56339.41126382836
T1200250,46617.06174187519
T1200251,62002.13288069185
T1200252,50977.65856748685
T1200253,21960.673598719666
T1200254,55784.8051002188
T1200255,42220.321183081585
T1200256,64407.600636347444
T1200257,32437.911654891555
T1200258,36874.377156167655
T1200259,54323.073194807774
T1200260,32802.48334471612
T1200261,27602.031345358646
T1200262,64047.959338257875
T1200263,45986.10200927512
T1200264,35286.80268512042
T1200265,27664.837187569916
T1200266,64181.461447054644
T1200267,37729.433224844164
T1200268,45009.86144120618
T1200269,34940.22135674307
T1200270,30814.816377885418
T1200271,46114.963864952166
T1200272,34133.10823358125
T1200273,53652.5562903229
T1200274,52321.58438064415
T1200275,41619.034937638644
T1200276,35548.5185982069
T1200277,43793.8174803103
T1200278,44147.28139856448
T1200279,42344.12876356252
T1200280,41916.435971322746
T1200281,41657.09788810647
T1200282,41078.33878006272
T1200283,31459.07148806021
T1200284,39428.33897923725
T1200285,39130.0570483916
T1200286,28099.47808815044
T1200287,33647.80154003241
T1200288,34476.66705003577
T1200289,41028.03825050964
T1200290,32013.466597975457
T1200291,30428.910294915313
T1200292,38519.33510308333
T1200293,41825.44267285126
T1200294,44483.87577349991
T1200295,34326.54959946006
T1200296,64767.06378677238
T1200297,52533.582972906726
T1200298,55775.03041666727
T1200299,34884.39473493669
T1200300,52619.77529621344
T1200301,44472.64023766896
T1200302,38943.21977808159
T1200303,32986.163137592215
T1200304,28741.277376481914
T1200305,41744.119382973746
T1200306,44235.757979605376
T1200307,42418.55086674611
T1200308,26683.56789713459
T1200309,69791.73748490166
T1200310,27711.79910882689
T1200311,35264.26452860439
T1200312,35207.84116463285
T1200313,64047.959338257875
T1200314,46383.573152419114
T1200315,30112.085562726945
T1200316,41394.54237187857
T1200317,42169.3902625338
T1200318,22571.153534624264
T1200319,33872.131871468526
T1200320,36064.04893596517
T1200321,44287.532712366825
T1200322,35649.25458644156
T1200323,46176.12541322793
T1200324,34672.83336049837
T1200325,45489.827264715364
T1200326,51336.24996824297
T1200327,54899.56121714845
T1200328,66874.14379406282
T1200329,64237.64814834474
T1200330,35270.17119160415
T1200331,41445.16535762658
T1200332,30126.099856870995
T1200333,41609.59865007857
T1200334,35290.489319611865
T1200335,44665.34761667446
T1200336,31522.6750737284
T1200337,34779.80879769303
T1200338,71164.19848260964
T1200339,36537.55032610087
T1200340,31020.313925549443
T1200341,44449.46842330482
T1200342,27935.37834435316
T1200343,41412.11950657019
T1200344,43376.00565288147
T1200345,30592.991566729943
T1200346,56968.4954178308
T1200347,26962.613537207955
T1200348,37587.25882485592
T1200349,45956.84677459346
T1200350,46132.24600543058
T1200351,33599.751841898156
T1200352,38131.974552684784
T1200353,43683.88825563187
T1200354,41946.44108485764
T1200355,40712.95973843543
T1200356,66153.3557424631
T1200357,42491.839180159586
T1200358,41909.01139140279
T1200359,42530.93285403058
T1200360,32844.775201672084
T1200361,42691.4518789254
T1200362,41870.81341142145
T1200363,56434.385074543236
T1200364,30814.816377885418
T1200365,39508.471241755586
T1200366,43524.25922254603
T1200367,35498.7218047013
T1200368,27539.771832538667
T1200369,30378.109006134775
T1200370,30190.883865182514
T1200371,22344.78279011887
T1200372,27689.608376231845
T1200373,46278.119523985355
T1200374,72750.04444978504
T1200375,75622.85606060311
T1200376,33266.808331592285
T1200377,35315.60949102271
T1200378,35147.73356545315
T1200379,32559.949090906957
T1200380,66452.2740336772
T1200381,35071.77536084066
T1200382,29948.558459175012
T1200383,46789.94387953388
T1200384,52938.781506666244
T1200385,41775.17715594517
T1200386,38096.08449246028
T1200387,34113.7508891368
T1200388,52969.38133853557
T1200389,26569.496594393444
T1200390,22783.842715629427
T1200391,28706.53868021144
T1200392,31839.532235223374
T1200393,29907.25123438497
T1200394,33185.79400231513
T1200395,51819.86826729713
T1200396,28049.903624961116
T1200397,50475.7553928667
T1200398,43860.07345042245
T1200399,28156.013527527433
T1200400,35995.83497039893
T1200401,26305.706617143715
T1200402,33925.63418442424
T1200403,34327.537542110986
T1200404,27543.82928695629
T1200405,33764.553871024524
T1200406,27313.91924149466
T1200407,34129.481682135156
T1200408,19183.824422554062
T1200409,33647.43430034253
T1200410,33731.644323470435
T1200411,34720.43648572488
T1200412,32363.103259193096
T1200413,27369.357855131006
T1200414,37882.49488561546
T1200415,34113.7508891368
T1200416,23529.232036166937
T1200417,47285.4359218027
T1200418,33010.189636961
T1200419,28161.818565191417
T1200420,46332.807652989475
T1200421,31359.416203385295
T1200422,37015.64962723935
T1200423,29718.319929195677
T1200424,50391.02617236346
T1200425,29518.72646530808
T1200426,45518.66262438779
T1200427,29034.100283960048
T1200428,35778.77631738346
T1200429,38250.220180195414
T1200430,51728.01205241465
T1200431,30744.55297380278
T1200432,28611.44994122282
T1200433,59245.91983297599
T1200434,23063.920149146914
T1200435,58441.9792699059
T1200436,22779.907666385494
T1200437,27035.207371727418
T1200438,26885.269908947943
T1200439,20084.286970329307
T1200440,28656.7632661125
T1200441,27072.457686327853
T1200442,28661.798604043688
T1200443,44416.44411019668
T1200444,26864.3276344819
T1200445,29462.18383289253
T1200446,29468.589323882767
T1200447,37015.64962723935
T1200448,59845.789046338425
T1200449,43992.66759005914
T1200450,27058.078520492905
T1200451,26772.61827759467
T1200452,37530.807220612915
T1200453,29099.08286270447
T1200454,45837.648333067365
T1200455,49278.447787740406
T1200456,25936.908828911797
T1200457,38344.92089293489
T1200458,24415.52888506445
T1200459,31845.057053544864
T1200460,29856.80965883057
T1200461,29887.213367853492
T1200462,37879.587249621574
T1200463,37324.671602964045
T1200464,51601.62011668063
T1200465,26597.013180864273
T1200466,44306.828007485674
T1200467,37542.26018406154
T1200468,34194.3287421781
T1200469,43362.51892684917
T1200470,51677.94870479008
T1200471,49278.447787740406
T1200472,33185.79400231513
T1200473,29046.634427393547
T1200474,29374.34392612032
T1200475,25446.27763289863
T1200476,23666.826305130144
T1200477,28156.013527527433
T1200478,19442.32647231608
T1200479,58441.9792699059
T1200480,36811.749453743985
T1200481,25155.27044601522
T1200482,23788.54450660089
T1200483,28957.426537514235
T1200484,35833.046122644795
T1200485,35277.52890660181
T1200486,38270.25389628493
T1200487,35618.18032152395
T1200488,45472.03244916593
T1200489,30640.213292348726
T1200490,32721.887585977358
T1200491,42671.63560883153
T1200492,29509.72980902363
T1200493,23216.874682887472
T1200494,30053.176827867115
T1200495,38459.432016856554
T1200496,28611.5298422921
T1200497,35162.650164383966
T1200498,30257.80861569817
T1200499,34188.76161116594
T1200500,26859.203224434354
T1200501,38840.99600607627
T1200502,24877.603122187214
T1200503,35168.29879264871
T1200504,51382.13926199046
T1200505,39027.14475868512
T1200506,41870.71338065237
T1200507,36042.227565235415
T1200508,50994.54369193461
T1200509,29269.628686193235
T1200510,31013.853519814114
T1200511,22714.935513593507
T1200512,51059.90516926518
T1200513,29420.813420748695
T1200514,49212.18803543691
T1200515,27155.791068764822
T1200516,34227.30453211016
T1200517,33505.95305098545
T1200518,34616.352639948316
T1200519,34618.15972540352
T1200520,44880.85532069466
T1200521,24187.233019360698
T1200522,35777.377642073014
T1200523,30733.479507784083
T1200524,22866.611398230663
T1200525,38548.04175087251
T1200526,34965.637560037525
T1200527,35946.54973904691
T1200528,45483.01035056495
T1200529,35888.25716597004
T1200530,43913.958443570344
T1200531,30612.124339682498
T1200532,34122.859920135576
T1200533,37616.06108971718
T1200534,36862.166106057935
T1200535,28951.645496021414
T1200536,53725.745127960115
T1200537,54288.786250255594
T1200538,26806.194944516777
T1200539,31270.48867060907
T1200540,37247.77258555032
T1200541,33855.94520815264
T1200542,28838.189001924522
T1200543,43933.633726991044
T1200544,43038.91710949826
T1200545,34129.481682135156
T1200546,34129.481682135156
T1200547,34110.116888366836
T1200548,23145.446710948305
T1200549,26328.389790546968
T1200550,31800.772650262596
T1200551,51601.62011668063
T1200552,41864.342104192954
T1200553,43209.921481763115
T1200554,19537.100718397658
T1200555,37898.11740022404
T1200556,35036.289163879315
T1200557,34571.5254022556
T1200558,19712.634631008714
T1200559,29156.52763561617
T1200560,22714.935513593507
T1200561,24240.889056268134
T1200562,28896.028565443186
T1200563,56777.93050378506
T1200564,49538.89586714901
T1200565,28156.013527527433
T1200566,29403.06218477311
T1200567,42331.33630637462
T1200568,31512.07336279417
T1200569,31734.99696225473
T1200570,33468.9788368119
T1200571,37704.19548375419
T1200572,34073.448861577606
T1200573,25305.740206051254
T1200574,23482.930337286434
T1200575,43209.921481763115
T1200576,22886.37425460947
T1200577,33443.79572640567
T1200578,42288.9013298918
T1200579,26202.461336071035
T1200580,42735.91338601225
T1200581,52047.08555584828
T1200582,34188.76161116594
T1200583,41687.284824341616
T1200584,27369.357855131006
T1200585,27313.91924149466
T1200586,28933.597683526586
T1200587,43587.93605561384
T1200588,23529.232036166937
T1200589,31355.850981797426
T1200590,37984.241785061065
T1200591,44343.70432507985
T1200592,29518.72646530808
T1200593,29542.233616504494
T1200594,37882.49488561546
T1200595,36412.66439673473
T1200596,23452.291147651023
T1200597,30902.62277021614
T1200598,38192.991240589974
T1200599,37866.98396778612
T1200600,29281.827519893584
T1200601,26268.13798163347
T1200602,28790.894517283126
T1200603,52969.38133853557
T1200604,42590.4041782993
T1200605,34621.208962313474
T1200606,23682.37977357927
T1200607,28422.218416315536
T1200608,34073.448861577606
T1200609,28867.14601069607
T1200610,36252.636053764654
T1200611,50777.07697298348
T1200612,55334.08246176825
T1200613,24938.553507006443
T1200614,36672.50854239726
T1200615,34566.316078958
T1200616,46711.811837757035
T1200617,26630.552774646974
T1200618,37473.09000746611
T1200619,29374.896072765834
T1200620,20010.016936670203
T1200621,26597.013180864273
T1200622,31718.105235044823
T1200623,36031.339973977505
T1200624,26115.103468095767
T1200625,34484.52161578487
T1200626,23519.225464396146
T1200627,27394.849284514807
T1200628,29692.647538605113
T1200629,31183.694568389514
T1200630,33801.822605541296
T1200631,49687.80100787078
T1200632,42105.83551970521
T1200633,32032.22444629867
T1200634,50109.45283516153
T1200635,23063.69284090649
T1200636,23733.417872963415
T1200637,51539.6391657458
T1200638,44828.13902646532
T1200639,34129.481682135156
T1200640,44874.20438777567
T1200641,34402.798155742785
T1200642,34571.5254022556
T1200643,33443.79572640567
T1200644,33955.51131066589
T1200645,42671.63560883153
T1200646,27989.660977281943
T1200647,31529.481743166867
T1200648,39363.70318938136
T1200649,43436.98127551161
T1200650,29049.39599819069
T1200651,42451.11276066197
T1200652,30903.367165929627
T1200653,45428.33445507114
T1200654,24412.814288498863
T1200655,27170.184327897732
T1200656,53956.37831613302
T1200657,25480.72335208143
T1200658,28468.539477771476
T1200659,34356.09731236882
T1200660,30375.7700530043
T1200661,45916.933329776686
T1200662,34974.3011421407
T1200663,35739.15699946565
T1200664,26977.569179778275
T1200665,32067.20835535106
T1200666,43753.58154541074
T1200667,35162.650164383966
T1200668,20115.883047920346
T1200669,36537.00280892489
T1200670,37154.20664442301
T1200671,28357.524597377902
T1200672,45883.99046998031
T1200673,34157.007022311496
T1200674,25737.460064261286
T1200675,43272.351389027004
T1200676,36776.78351303838
T1200677,35778.77631738346
T1200678,33988.78513941203
T1200679,43522.70000649477
T1200680,52969.38133853557
T1200681,48404.67198303917
T1200682,25704.156569142597
T1200683,42917.291424353
T1200684,19594.83997437285
T1200685,62273.53112196487
T1200686,22921.547655064096
T1200687,25704.156569142597
T1200688,35294.67789306418
T1200689,28752.304145788243
T1200690,26376.457113379853
T1200691,30852.196314245895
T1200692,42196.67994724065
T1200693,45061.837140645745
T1200694,43579.65862299331
T1200695,31013.853519814114
T1200696,52969.38133853557
T1200697,38997.62044290431
T1200698,34636.61311097772
T1200699,43860.07345042245
T1200700,31066.10442082001
T1200701,28694.95417440528
T1200702,26726.407317170786
T1200703,30698.235006385337
T1200704,42468.73375195106
T1200705,34616.352639948316
T1200706,37417.69453604065
T1200707,63174.7329309041
T1200708,26726.407317170786
T1200709,27014.366769641685
T1200710,29647.41543793094
T1200711,22607.61284870019
T1200712,29462.18383289253
T1200713,37673.71900389504
T1200714,37154.20664442301
T1200715,36292.32789365622
T1200716,26468.164560993227
T1200717,31730.750013978803
T1200718,34188.76161116594
T1200719,42333.08648200367
T1200720,28419.301974524256
T1200721,37120.67769745105
T1200722,45480.80694632703
T1200723,26268.13798163347
T1200724,51957.10356346069
T1200725,20031.516569612384
T1200726,37015.64962723935
T1200727,25969.684047868614
T1200728,34586.17731908449
T1200729,22031.73143830038
T1200730,28934.91062146937
T1200731,45631.64090861273
T1200732,22625.104792102997
T1200733,47668.56315135092
T1200734,34314.78563759522
T1200735,25042.757344190122
T1200736,22735.58979723062
T1200737,33647.43430034253
T1200738,44103.50616964106
T1200739,21995.055670170022
T1200740,42089.13875723573
T1200741,31537.16093900825
T1200742,40391.49429094679
T1200743,31489.822658585184
T1200744,44119.962614206524
T1200745,33988.78513941203
T1200746,26328.389790546968
T1200747,43209.921481763115
T1200748,37473.09000746611
T1200749,25259.692238584175
T1200750,26598.83547614114
T1200751,53811.204683567834
T1200752,41884.48146721394
T1200753,23489.828733067356
T1200754,38666.53526673838
T1200755,34308.47863275802
T1200756,28157.54151912911
T1200757,41834.02556106966
T1200758,34077.70523228317
T1200759,39511.01750217635
T1200760,71459.05370844225
T1200761,51297.26198756096
T1200762,53050.14505284043
T1200763,53479.05023644057
T1200764,31710.63287583116
T1200765,35435.197413446534
T1200766,43284.61113821235
T1200767,32337.92116100999
T1200768,34859.425794211944
T1200769,35439.31744883514
T1200770,43469.915905072434
T1200771,32305.176381771846
T1200772,42163.98108100442
T1200773,31635.370730974904
T1200774,27729.76789291693
T1200775,45285.47271507831
T1200776,43037.83871361743
T1200777,46161.90102125814
T1200778,43769.51980665181
T1200779,44318.144811155966
T1200780,37720.85257711577
T1200781,28943.734180178486
T1200782,45387.30312560404
T1200783,56306.195138138246
T1200784,41988.66048191092
T1200785,45445.73763230636
T1200786,28695.116851948314
T1200787,34810.402676715385
T1200788,54778.75183507609
T1200789,27689.356349903115
T1200790,44332.03909712275
T1200791,30390.583558731014
T1200792,42342.96905422933
T1200793,44385.79758813436
T1200794,46095.90147505299
T1200795,38025.13027995123
T1200796,27725.85009702097
T1200797,42559.99558943973
T1200798,47428.284481021736
T1200799,22875.355657482305
T1200800,35589.2408461109
T1200801,27508.90136360942
T1200802,30578.348662021963
T1200803,56906.67505950212
T1200804,31961.256032090943
T1200805,30319.595668379116
T1200806,46864.07317676641
T1200807,44151.179115255545
T1200808,31573.007228378385
T1200809,31710.63287583116
T1200810,38551.119802433335
T1200811,35426.609999231965
T1200812,47121.20793025261
T1200813,27815.62010467513
T1200814,35211.92494145185
T1200815,31791.640898086007
T1200816,31957.393135285696
T1200817,31680.40647121987
T1200818,30629.32796731792
T1200819,31133.009163810762
T1200820,38246.228654237784
T1200821,63874.35292466315
T1200822,53197.56782196072
T1200823,43764.36785695065
T1200824,42244.175805044775
T1200825,64972.97610634568
T1200826,64689.213778735946
T1200827,57385.21060295515
T1200828,42987.16611891722
T1200829,42390.01787786849
T1200830,64754.26597006897
T1200831,39268.713920674294
T1200832,55216.647592687135
T1200833,42948.09129867258
T1200834,36632.43589267784
T1200835,28022.626922229367
T1200836,35354.911458290124
T1200837,33338.466170413296
T1200838,53365.306430091405
T1200839,34512.84391654522
T1200840,43752.592789570415
T1200841,34307.81236758014
T1200842,42461.090855017836
T1200843,45031.27302735557
T1200844,34828.08141772131
T1200845,46142.09275719665
T1200846,27969.231154193352
T1200847,37918.11463787378
T1200848,34684.12710692617
T1200849,28189.474558728984
T1200850,46340.5657027113
T1200851,46159.164799309256
T1200852,34624.693619673206
T1200853,34077.70523228317
T1200854,37050.59218661872
T1200855,46583.40317959098
T1200856,32632.67106953032
T1200857,44599.80811823568
T1200858,42316.953253441134
T1200859,35620.532467469064
T1200860,26962.78246544786
T1200861,51544.90989262701
T1200862,44651.80931116415
T1200863,35095.60036478415
T1200864,40515.324954741336
T1200865,29378.897134782586
T1200866,36837.99354086919
T1200867,22457.983863233992
T1200868,72637.2746640972
T1200869,31644.54721774122
T1200870,27908.13257826366
T1200871,66868.58506051663
T1200872,45393.88034748988
T1200873,52785.55128342714
T1200874,35490.798370015305
T1200875,41810.487656064506
T1200876,44802.56157296689
T1200877,34958.277977276935
T1200878,41978.37145072483
T1200879,37887.09224161816
T1200880,41460.632262838306
T1200881,67185.69434620357
T1200882,23572.39529777767
T1200883,65349.310871416674
T1200884,41779.41590066435
T1200885,42872.022767133414
T1200886,38999.049199550456
T1200887,51982.417309489225
T1200888,33075.04853760399
T1200889,53104.23127346231
T1200890,70116.69528014291
T1200891,22697.32364918275
T1200892,30311.5078942227
T1200893,42412.158920323134
T1200894,35371.27450338503
T1200895,46613.67012056588
T1200896,42125.586776645694
T1200897,35099.76687670669
T1200898,34810.402676715385
T1200899,35838.538215798726
T1200900,48975.32738870457
T1200901,38367.235247563694
T1200902,22805.867469890476
T1200903,44760.63608984865
T1200904,44590.709589982805
T1200905,56377.02211935627
T1200906,35674.39336976824
T1200907,41011.70199974586
T1200908,35205.720371250376
T1200909,31207.343777674578
T1200910,28423.630927097525
T1200911,46159.164799309256
T1200912,34005.37363236925
T1200913,32204.90079745291
T1200914,52340.53902676842
T1200915,55921.56117341608
T1200916,64760.904336167194
T1200917,55348.36844462981
T1200918,23565.14118642483
T1200919,37896.481627327754
T1200920,43459.06206998046
T1200921,57385.21060295515
T1200922,54894.270090195125
T1200923,41194.25392379992
T1200924,66638.11283652877
T1200925,35578.61755853763
T1200926,31133.009163810762
T1200927,34229.2518521852
T1200928,33592.83838327863
T1200929,35866.357157420316
T1200930,53894.98470261265
T1200931,42948.09129867258
T1200932,45734.52511595535
T1200933,44726.11486195065
T1200934,56194.14529465591
T1200935,44490.0128218741
T1200936,53395.45558051274
T1200937,62342.885581501934
T1200938,32217.672943380163
T1200939,30999.91386016957
T1200940,31074.419544062446
T1200941,55334.59378115916
T1200942,53560.02991920979
T1200943,55467.60657084007
T1200944,53935.62650279613
T1200945,33553.01395099174
T1200946,32040.45110586702
T1200947,41347.21477617151
T1200948,66638.11283652877
T1200949,22125.80686774447
T1200950,35239.25706000952
T1200951,75731.00901785768
T1200952,41465.173885469856
T1200953,36206.61913899806
T1200954,45762.60584058058
T1200955,44685.13046806295
T1200956,22921.487099317266
T1200957,64988.12781980112
T1200958,22153.368258252736
T1200959,35495.742544976914
T1200960,34957.8159518715
T1200961,34634.12879366475
T1200962,55874.795974113695
T1200963,41960.1222837204
T1200964,28227.914306266575
T1200965,25858.308768478462
T1200966,41498.24227563493
T1200967,53162.669617052314
T1200968,39665.66846632366
T1200969,62712.28010321501
T1200970,35388.42195490795
T1200971,27208.244418310227
T1200972,61520.141920895294
T1200973,46539.3180045057
T1200974,22786.053971480545
T1200975,35674.39336976824
T1200976,43571.73514528466
T1200977,36106.23344607792
T1200978,64817.360608511
T1200979,35519.855814505485
T1200980,41960.1222837204
T1200981,32763.38401692789
T1200982,27846.634815408026
T1200983,46417.66944333356
T1200984,44146.24966589795
T1200985,22835.08468399386
T1200986,51984.36980581896
T1200987,62135.75013397617
T1200988,39047.346214407415
T1200989,37094.83178412955
T1200990,33851.87210509381
T1200991,55302.148334988444
T1200992,35099.76687670669
T1200993,35141.8054738372
T1200994,32005.5655720136
T1200995,63213.11525012648
T1200996,28674.724156153676
T1200997,36458.59835340639
T1200998,30748.790682218772
T1200999,34409.43035362249
T1201000,35838.538215798726
T1201001,52082.63667154685
T1201002,41884.48146721394
T1201003,35354.911458290124
T1201004,52581.77421350759
T1201005,66638.11283652877
T1201006,35823.24516032104
T1201007,62420.12013693894
T1201008,33548.658312575804
T1201009,34737.32224874393
T1201010,32416.68520949252
T1201011,53959.940324729454
T1201012,63944.97274782234
T1201013,28147.75669596009
T1201014,76745.32556333061
T1201015,53104.23127346231
T1201016,52364.75301083896
T1201017,35032.64695912188
T1201018,46961.97007821739
T1201019,36325.56877110844
T1201020,52785.55128342714
T1201021,41779.41590066435
T1201022,38209.92277597596
T1201023,33239.20780695686
T1201024,39394.93024003195
T1201025,57570.14037883721
T1201026,35771.290276959335
T1201027,38418.904403610286
T1201028,38195.69318967776
T1201029,37723.636302160194
T1201030,30710.717399834615
T1201031,38305.44827828473
T1201032,34475.09051890628
T1201033,56045.230775979464
T1201034,41749.37283870646
T1201035,46988.49141955551
T1201036,43489.4622872001
T1201037,34684.12710692617
T1201038,23032.251419942022
T1201039,65681.617188986
T1201040,47047.321227139175
T1201041,38246.228654237784
T1201042,35659.03443856013
T1201043,44589.562503333065
T1201044,37918.11463787378
T1201045,34798.97183346871
T1201046,54666.84701488727
T1201047,23659.377056003847
T1201048,36167.065415141595
T1201049,45588.63842534795
T1201050,47085.47201406558
T1201051,62407.15185756613
T1201052,32682.576057256738
T1201053,35824.16200938159
T1201054,63056.38513236416
T1201055,40778.41191585261
T1201056,30350.132603758208
T1201057,54942.09017732533
T1201058,35874.75872224333
T1201059,61186.88799341596
T1201060,32100.754623158336
T1201061,42233.85346918279
T1201062,41927.90363144909
T1201063,46435.431650004466
T1201064,35001.22794184657
T1201065,53959.940324729454
T1201066,33785.28108367538
T1201067,54318.72761797628
T1201068,28391.21549608239
T1201069,54869.25571370051
T1201070,28186.765822036865
T1201071,35777.29182973014
T1201072,23479.436672604726
T1201073,28380.70072450197
T1201074,38767.25112915626
T1201075,40778.41191585261
T1201076,41124.86376082525
T1201077,28002.05117581768
T1201078,36261.68981708851
T1201079,28234.040677179393
T1201080,32634.05626395291
T1201081,32066.73827512446
T1201082,42486.6948776099
T1201083,34228.006177594616
T1201084,30905.35081544686
T1201085,62273.57784754805
T1201086,37302.77062221029
T1201087,32267.654440414983
T1201088,26769.287672066395
T1201089,35095.87845999922
T1201090,42461.090855017836
T1201091,62566.62451810605
T1201092,53355.30092385095
T1201093,55750.933838604025
T1201094,37932.75758512658
T1201095,55874.795974113695
T1201096,42097.72174842389
T1201097,31573.007228378385
T1201098,31880.4616930591
T1201099,26643.61115372887
T1201100,45943.12117512446
T1201101,44775.21978394224
T1201102,38088.24673205318
T1201103,38831.03257720679
T1201104,55380.6943873814
T1201105,65325.438209787026
T1201106,43177.925259550386
T1201107,43606.03422010346
T1201108,31672.37458884097
T1201109,41490.56449163247
T1201110,40043.96903634015
T1201111,34077.70523228317
T1201112,45980.19176793607
T1201113,35393.08024205485
T1201114,46123.1882606289
T1201115,44589.562503333065
T1201116,45304.61780364646
T1201117,28861.26904866035
T1201118,66781.65361871221
T1201119,42771.593826912875
T1201120,36488.093365304616
T1201121,68335.64668896208
T1201122,46672.67004709419
T1201123,23709.70920699547
T1201124,29352.05355722161
T1201125,35901.44043883786
T1201126,39592.35086158378
T1201127,37117.74823667877
T1201128,42969.34456188379
T1201129,40866.22021923212
T1201130,35971.24395243308
T1201131,22334.920367002498
T1201132,29419.65482773393
T1201133,64075.55246349869
T1201134,55453.323844376915
T1201135,44526.741192239795
T1201136,56283.331183170834
T1201137,64495.13850448119
T1201138,47147.342606021106
T1201139,36562.11007708763
T1201140,42286.564252674296
T1201141,42867.187106851954
T1201142,45728.504316610364
T1201143,45894.08437545105
T1201144,23772.94942663736
T1201145,37213.138256462094
T1201146,47447.96568198918
T1201147,29014.986177772884
T1201148,57370.41126337995
T1201149,33498.14032284818
T1201150,29134.08901539589
T1201151,43889.90230580246
T1201152,45728.504316610364
T1201153,36301.97851103668
T1201154,35049.89577478214
T1201155,31051.98167171215
T1201156,38709.572076094584
T1201157,56189.16540893492
T1201158,58704.392751912426
T1201159,45892.42359917188
T1201160,44373.61066670017
T1201161,67478.71586249722
T1201162,31767.30721452394
T1201163,42602.838887974336
T1201164,42032.927084953364
T1201165,23082.017749471554
T1201166,37209.72461683763
T1201167,36569.69909641163
T1201168,35534.515143547374
T1201169,36247.62601032329
T1201170,48172.038526691926
T1201171,53386.516392494064
T1201172,44703.82787942436
T1201173,39149.32295413275
T1201174,23754.243699695613
T1201175,41243.47080511344
T1201176,36524.559645902016
T1201177,64871.18654743103
T1201178,47137.07123397492
T1201179,47393.476744850595
T1201180,62326.076773273315
T1201181,36796.567500896694
T1201182,39041.30905446343
T1201183,36831.16983724333
T1201184,32637.50774132427
T1201185,34184.89699595809
T1201186,27756.229833150952
T1201187,22960.688524767313
T1201188,56866.53266684097
T1201189,40099.51786913667
T1201190,47844.64972122198
T1201191,77612.58682894878
T1201192,36307.8271683216
T1201193,54252.00948543296
T1201194,22307.23886413473
T1201195,22843.42502314329
T1201196,32026.77057477084
T1201197,71469.05177413639
T1201198,56612.0462700865
T1201199,36310.95849462024
T1201200,35383.83714997082
T1201201,66815.4150434276
T1201202,53299.53074924723
T1201203,23072.701544306103
T1201204,37370.64323291225
T1201205,33362.564895464784
T1201206,34220.81231652883
T1201207,45927.42134251841
T1201208,36677.790656469384
T1201209,45738.1096322542
T1201210,32783.18157169961
T1201211,35158.73857693173
T1201212,45949.63116458871
T1201213,33153.54724546814
T1201214,42862.36902481338
T1201215,45702.7922515028
T1201216,53102.05958467622
T1201217,32455.520191362324
T1201218,27512.204730512713
T1201219,38652.815730842776
T1201220,41970.805972833055
T1201221,36210.521695658615
T1201222,35722.01375992597
T1201223,35443.91737380638
T1201224,43264.258947544215
T1201225,45685.4381946098
T1201226,39286.907508265984
T1201227,29434.11866669155
T1201228,55234.665496196496
T1201229,42918.25384539544
T1201230,32391.625258105603
T1201231,78901.2821169701
T1201232,29332.42398751579
T1201233,42521.59804160134
T1201234,38709.572076094584
T1201235,35383.83714997082
T1201236,37305.791491239725
T1201237,36845.75987555081
T1201238,43730.30128516879
T1201239,47521.40346784978
T1201240,53542.50646959989
T1201241,32831.34382709618
T1201242,47229.92015150363
T1201243,47522.338400196575
T1201244,35548.16335596178
T1201245,36066.330138974474
T1201246,49901.79441525591
T1201247,58891.57319588067
T1201248,37710.99138133094
T1201249,34965.74970891477
T1201250,47188.036210128994
T1201251,23127.88770627571
T1201252,37715.15486882145
T1201253,68341.0540885564
T1201254,36217.28002958234
T1201255,47229.92015150363
T1201256,35339.92986821819
T1201257,66681.76652702727
T1201258,26522.09526341294
T1201259,54015.677242096666
T1201260,36845.75987555081
T1201261,29375.07118789178
T1201262,34828.414585755745
T1201263,42969.34456188379
T1201264,35070.72471774296
T1201265,57290.209304202304
T1201266,39097.32471485534
T1201267,54371.95561194878
T1201268,57499.45843801585
T1201269,39095.68912131395
T1201270,57270.08053880461
T1201271,32368.796633768823
T1201272,42407.46361422341
T1201273,35257.88485184665
T1201274,36116.43766578302
T1201275,36201.23274805392
T1201276,35581.16066841029
T1201277,57449.3558508522
T1201278,36562.11007708763
T1201279,32883.61962605057
T1201280,34558.81466870496
T1201281,36237.181069148595
T1201282,27310.625002466862
T1201283,28791.501214654654
T1201284,54063.589940639016
T1201285,74040.90056607008
T1201286,31999.96381488937
T1201287,35967.7248673527
T1201288,22619.457987515165
T1201289,46712.09469966804
T1201290,46938.16446102586
T1201291,64965.018035323796
T1201292,37585.571749359995
T1201293,29799.98735250329
T1201294,29958.030554869747
T1201295,31373.41828072217
T1201296,29555.922452144692
T1201297,41374.36896058556
T1201298,36046.273940123596
T1201299,36034.0279094071
T1201300,43037.95570412507
T1201301,54698.80357795249
T1201302,34860.447222875206
T1201303,68155.0157370703
T1201304,29381.03635548138
T1201305,29260.101591274146
T1201306,40173.47443431523
T1201307,32386.502270644054
T1201308,36165.72646945801
T1201309,34352.59800112924
T1201310,39220.671674018704
T1201311,28019.23572443135
T1201312,39113.185116258755
T1201313,43363.60647040381
T1201314,45404.47378964661
T1201315,31334.934863639937
T1201316,39366.790768649524
T1201317,47302.10465129799
T1201318,42771.593826912875
T1201319,28662.59548017228
T1201320,48148.191956542396
T1201321,38239.62652956801
T1201322,23086.10667865683
T1201323,38817.92631060589
T1201324,54063.589940639016
T1201325,47902.728817188574
T1201326,54312.81276672893
T1201327,45198.32945890586
T1201328,47729.93492061096
T1201329,32368.796633768823
T1201330,64485.9444539946
T1201331,36346.540630842275
T1201332,43940.95165054046
T1201333,40431.38441018042
T1201334,47211.973115494824
T1201335,34965.74970891477
T1201336,40813.5511656049
T1201337,42867.187106851954
T1201338,28957.519001954224
T1201339,36730.48107599355
T1201340,32591.013854375284
T1201341,39594.81112840342
T1201342,68155.0157370703
T1201343,28184.067047677036
T1201344,42892.73967811399
T1201345,31319.733956608317
T1201346,31767.30721452394
T1201347,53595.09547037555
T1201348,65589.16799572672
T1201349,54465.444728557486
T1201350,43203.16604438694
T1201351,37475.80071599919
T1201352,66891.3385131896
T1201353,66403.8404435151
T1201354,44000.66570233976
T1201355,32992.63676279058
T1201356,66469.8052224881
T1201357,43435.54396216046
T1201358,47662.82416333679
T1201359,36034.0279094071
T1201360,32457.13586774193
T1201361,35907.3298373975
T1201362,56214.33878926365
T1201363,45983.24842189719
T1201364,44806.34732420374
T1201365,34965.74970891477
T1201366,55079.189188484605
T1201367,33414.5108856638
T1201368,35581.16066841029
T1201369,23709.541304078844
T1201370,42892.73967811399
T1201371,43474.90587449547
T1201372,32305.2820901821
T1201373,42959.023548394536
T1201374,57290.209304202304
T1201375,52919.625976565934
T1201376,38439.89451054057
T1201377,38895.883249292376
T1201378,54252.00948543296
T1201379,64392.803210280385
T1201380,29496.745640314006
T1201381,46909.08273654739
T1201382,28884.373919028563
T1201383,27533.828805313176
T1201384,35647.50825796383
T1201385,44426.96242398925
T1201386,44614.75363016954
T1201387,63910.35554955742
T1201388,66421.4772947687
T1201389,58704.392751912426
T1201390,56649.60122190279
T1201391,39041.30905446343
T1201392,45867.0013095058
T1201393,31624.167559491114
T1201394,65660.79115900813
T1201395,39591.441573791795
T1201396,31025.817031891977
T1201397,34792.806211078154
T1201398,43558.71141355264
T1201399,47960.798446196946
T1201400,44234.4132475976
T1201401,58150.71497562773
T1201402,29007.483748219976
T1201403,32758.258600821708
T1201404,35275.39857929859
T1201405,36040.66378511239
T1201406,36485.25702434196
T1201407,32899.52945017214
T1201408,31074.861631241536
T1201409,32953.93325784487
T1201410,31268.145542461418
T1201411,45403.45905390415
T1201412,54561.504206639765
T1201413,43012.2171813514
T1201414,43363.60647040381
T1201415,37607.01201361688
T1201416,43435.54396216046
T1201417,39989.327059952135
T1201418,38035.45542607444
T1201419,62929.284929764195
T1201420,35119.01799628174
T1201421,46603.853581336814
T1201422,42690.18165508018
T1201423,45626.874186348636
T1201424,54751.924914184194
T1201425,41668.120658653716
T1201426,57314.649724427596
T1201427,46889.10432019982
T1201428,53629.57220602768
T1201429,41920.528801251574
T1201430,41668.120658653716
T1201431,32909.46507285337
T1201432,54692.66132588909
T1201433,36419.76862384733
T1201434,33071.63985460968
T1201435,43136.30492666058
T1201436,57513.03715954824
T1201437,32457.13586774193
T1201438,44463.33531286679
T1201439,33044.98057978434
T1201440,36670.013132082306
T1201441,29179.91409984192
T1201442,31328.112554679457
T1201443,63866.74253397502
T1201444,33242.99091540889
T1201445,44433.23181354131
T1201446,36998.70279746079
T1201447,46585.45579431981
T1201448,33580.82648974073
T1201449,33053.797235630365
T1201450,46795.6258622676
T1201451,43940.95165054046
T1201452,23868.352389553937
T1201453,46792.0613000817
T1201454,55969.127401905746
T1201455,42110.915206353944
T1201456,34517.12030749023
T1201457,55598.89753299201
T1201458,64109.30837903022
T1201459,56902.22583693585
T1201460,35572.69268660608
T1201461,23297.537831457845
T1201462,54840.85653924517
T1201463,47793.51216359352
T1201464,56650.807305263974
T1201465,68155.0157370703
T1201466,31850.949116088555
T1201467,45389.38689212083
T1201468,34513.962199129746
T1201469,35350.55180483009
T1201470,46288.60572705257
T1201471,29746.319267860792
T1201472,57650.34234364075
T1201473,47754.176673950366
T1201474,72934.10275064746
T1201475,44679.14406213062
T1201476,43162.2730636431
T1201477,36362.55620454065
T1201478,55173.31453380018
T1201479,46219.95415257886
T1201480,44043.15551500383
T1201481,66581.72894551721
T1201482,37369.135579643844
T1201483,23841.384407657635
T1201484,29542.532167292262
T1201485,23994.750724463593
T1201486,58731.640136654416
T1201487,23438.50123602307
T1201488,34921.37891872501
T1201489,39225.08271158322
T1201490,35817.29561609536
T1201491,57176.06857512166
T1201492,37090.611206157555
T1201493,57012.20067993936
T1201494,36707.09133578216
T1201495,74522.93266782207
T1201496,39304.967285268416
T1201497,66884.31574955136
T1201498,55471.906929363766
T1201499,80183.4600682429
T1201500,32413.2756107368
T1201501,42769.70302881824
T1201502,35822.49384992263
T1201503,33011.23321412688
T1201504,39162.5372851073
T1201505,43709.67477722053
T1201506,36363.864843217954
T1201507,38321.07099112525
T1201508,31046.761769778983
T1201509,39857.310083893964
T1201510,35194.33560184431
T1201511,37863.549115912516
T1201512,40802.08571556866
T1201513,54850.732391304846
T1201514,37703.11714038048
T1201515,39410.27782534641
T1201516,36558.721097159956
T1201517,46120.36577529399
T1201518,33253.16994198769
T1201519,56858.03017995609
T1201520,57249.74492679381
T1201521,54402.753462652836
T1201522,22983.135826032878
T1201523,36088.08338824883
T1201524,34213.092089810096
T1201525,35844.35371283142
T1201526,23300.173910072368
T1201527,31023.89283452857
T1201528,44503.717776595266
T1201529,48320.24981904313
T1201530,29993.250772441406
T1201531,39337.73315913834
T1201532,36763.82712279223
T1201533,54933.678472274536
T1201534,29202.827083695098
T1201535,36034.45819255124
T1201536,32751.750690111036
T1201537,38727.1208969704
T1201538,54402.753462652836
T1201539,30659.95406995908
T1201540,36125.258337177285
T1201541,53460.77119862146
T1201542,57492.65563786094
T1201543,66522.77140645742
T1201544,56301.47578537381
T1201545,68632.81604617104
T1201546,43001.28200614851
T1201547,57350.05668161923
T1201548,35817.29561609536
T1201549,35235.57903888226
T1201550,43091.40508753819
T1201551,58083.30768345003
T1201552,47037.92134634823
T1201553,57492.65563786094
T1201554,57176.06857512166
T1201555,44226.7146278973
T1201556,39178.685147191
T1201557,34623.9976737273
T1201558,46612.56446256685
T1201559,28947.77435848779
T1201560,31167.862339435294
T1201561,32787.75505584854
T1201562,45335.718821958915
T1201563,40875.947059946666
T1201564,37628.9946360276
T1201565,46021.289543667874
T1201566,29242.56330403228
T1201567,36870.024938950955
T1201568,29308.995258575218
T1201569,31883.794063595982
T1201570,36145.48576060562
T1201571,37252.05059507623
T1201572,29161.823671048387
T1201573,37523.60825730888
T1201574,23193.193228672262
T1201575,22489.18845993658
T1201576,33183.654250022344
T1201577,29303.777855578926
T1201578,55365.803892386306
T1201579,45846.88503322948
T1201580,29090.156992285953
T1201581,34202.62367604335
T1201582,54204.560629575004
T1201583,42417.837301821986
T1201584,46866.262977106
T1201585,48530.4002637725
T1201586,39652.78651705911
T1201587,36221.03724294022
T1201588,54463.64665129651
T1201589,47037.261674832895
T1201590,55297.755853712784
T1201591,31167.825085738394
T1201592,36852.93119173726
T1201593,36143.176415218026
T1201594,32894.67491611074
T1201595,57104.09348785993
T1201596,33507.05019437914
T1201597,39422.74440673054
T1201598,35944.78902180204
T1201599,36331.5991239487
T1201600,29776.67255219281
T1201601,36650.35806578742
T1201602,35158.84657535586
T1201603,43268.40371617344
T1201604,56215.89498075257
T1201605,64071.51156515564
T1201606,30981.88856189365
T1201607,55057.51390059662
T1201608,55427.26874126389
T1201609,35822.49384992263
T1201610,36088.08338824883
T1201611,45870.97293645649
T1201612,55921.37708449419
T1201613,54522.87690352297
T1201614,31259.00466570277
T1201615,64343.790914842575
T1201616,23193.193228672262
T1201617,32945.94737525927
T1201618,32513.18828625876
T1201619,36212.98471450709
T1201620,62729.01759222335
T1201621,57293.93538565939
T1201622,45825.32183711437
T1201623,36309.66307092122
T1201624,39189.17353500705
T1201625,35582.89785393449
T1201626,54185.98698621738
T1201627,58918.86681706643
T1201628,47037.92134634823
T1201629,57176.06857512166
T1201630,35803.99233937781
T1201631,30847.787990488992
T1201632,67901.7184730076
T1201633,36744.74158137366
T1201634,36506.44578783289
T1201635,36143.176415218026
T1201636,57249.74492679381
T1201637,39869.18330200302
T1201638,58083.30768345003
T1201639,35456.568319134865
T1201640,32349.425009237813
T1201641,48101.494954564565
T1201642,39456.72983800781
T1201643,35582.89785393449
T1201644,36456.10744180118
T1201645,36971.88563875558
T1201646,35404.09338215784
T1201647,37344.20398453924
T1201648,55127.76352570507
T1201649,57522.110555266816
T1201650,34758.287278282965
T1201651,64223.35362210541
T1201652,32922.07300274428
T1201653,26553.473077216728
T1201654,34758.287278282965
T1201655,45585.31110661193
T1201656,53850.50990329743
T1201657,39304.967285268416
T1201658,34921.37891872501
T1201659,45334.70490496825
T1201660,34087.80971492636
T1201661,33956.29582765954
T1201662,56550.87476930669
T1201663,35477.78204310504
T1201664,36166.1583230798
T1201665,36105.99164382706
T1201666,54124.542037691346
T1201667,38826.76155908861
T1201668,27610.6446171045
T1201669,43093.14840746521
T1201670,43169.94364966851
T1201671,31825.408790563928
T1201672,41489.03213843941
T1201673,37707.33525669711
T1201674,45899.65550610525
T1201675,35944.96247987176
T1201676,45732.426516241576
T1201677,37075.96960053653
T1201678,47738.446052838175
T1201679,37243.111265713575
T1201680,58190.8535829578
T1201681,45672.18630362544
T1201682,32860.80920068605
T1201683,43929.39031329019
T1201684,55082.862663686494
T1201685,39319.093747609615
T1201686,58962.79555875369
T1201687,30218.299353962597
T1201688,23330.389298292248
T1201689,36594.63100987274
T1201690,36658.094588111286
T1201691,27766.88099003843
T1201692,47693.90305371536
T1201693,47051.95094352091
T1201694,54918.622366229734
T1201695,46926.944390405566
T1201696,22744.996962379468
T1201697,27962.859262912632
T1201698,38932.17904381912
T1201699,44789.259791214434
T1201700,45989.928760645504
T1201701,36913.55954650765
T1201702,26658.551557725466
T1201703,34987.53261851441
T1201704,36474.11273043532
T1201705,23967.689053382142
T1201706,44508.497740194354
T1201707,33738.55517505601
T1201708,27948.586341618724
T1201709,44584.6504002737
T1201710,42314.149372821186
T1201711,36221.03724294022
T1201712,35901.54933989809
T1201713,56637.39187582397
T1201714,32636.350837952217
T1201715,35158.84657535586
T1201716,47540.884689270104
T1201717,23916.112687407178
T1201718,33438.11786328585
T1201719,36917.19577229838
T1201720,35598.3176810199
T1201721,23202.53531336679
T1201722,56188.62578339979
T1201723,43810.02115743903
T1201724,35151.19569242839
T1201725,31768.446117287414
T1201726,22461.4052535272
T1201727,23088.718147186733
T1201728,54463.64665129651
T1201729,37159.63298617647
T1201730,45607.78259871532
T1201731,35361.14510104292
T1201732,55183.87303038097
T1201733,33011.23321412688
T1201734,54933.678472274536
T1201735,27505.904678717332
T1201736,47859.0633192726
T1201737,23853.612177773146
T1201738,47474.02208529657
T1201739,67049.06293922958
T1201740,40157.79598307157
T1201741,35944.78902180204
T1201742,28955.26855898985
T1201743,36091.81513311703
T1201744,39456.7403423983
T1201745,37010.47799708234
T1201746,32364.189235304962
T1201747,45590.75016288577
T1201748,35822.49384992263
T1201749,31732.164343844815
T1201750,36681.990816751124
T1201751,46726.50961035396
T1201752,31274.189867990226
T1201753,45342.49101646498
T1201754,27529.880760277894
T1201755,55463.98690082867
T1201756,32224.089373503597
T1201757,37344.20398453924
T1201758,62729.01759222335
T1201759,57478.70854613994
T1201760,38340.21412240554
T1201761,43616.41384712927
T1201762,47472.82419564851
T1201763,27288.607106437034
T1201764,36744.74158137366
T1201765,29237.559031882396
T1201766,37458.61520316198
T1201767,23462.778212467292
T1201768,36221.03724294022
T1201769,30430.028998020116
T1201770,47456.517488596895
T1201771,31147.0114702888
T1201772,29103.048375788487
T1201773,36456.10744180118
T1201774,44773.070742056036
T1201775,39304.967285268416
T1201776,31950.716408497472
T1201777,47570.93096585418
T1201778,46062.69993753089
T1201779,35158.84657535586
T1201780,33166.20489222892
T1201781,36525.83375855104
T1201782,35055.37491765319
T1201783,28190.18313753075
T1201784,49672.85289948334
T1201785,35354.55176284212
T1201786,28430.85172828639
T1201787,45423.05351684016
T1201788,44261.594483341054
T1201789,37398.69305626203
T1201790,41305.744582039326
T1201791,57176.06857512166
T1201792,61284.19794633266
T1201793,56389.3739472578
T1201794,55753.76262049153
T1201795,32771.44333472955
T1201796,55969.63614008486
T1201797,38912.1259329778
T1201798,32702.158890369083
T1201799,29283.75357560392
T1201800,40026.71675143342
T1201801,36476.53977274089
T1201802,32445.48822054138
T1201803,35822.49384992263
T1201804,37010.47799708234
T1201805,23936.401770127173
T1201806,54962.30548267124
T1201807,38916.139084638526
T1201808,69141.39962731888
T1201809,29090.156992285953
T1201810,35532.37368305308
T1201811,45592.250447641614
T1201812,35613.39699702349
T1201813,27529.880760277894
T1201814,47472.82419564851
T1201815,54591.176467459605
T1201816,38932.17904381912
T1201817,55936.414001215766
T1201818,39361.18405560595
T1201819,46616.98492885978
T1201820,39162.5372851073
T1201821,47333.833214906896
T1201822,29075.71752516269
T1201823,54286.671906081574
T1201824,32424.767774253753
T1201825,36989.13271319758
T1201826,36913.55954650765
T1201827,36383.27844983502
T1201828,37648.172516956016
T1201829,43894.17000946093
T1201830,46612.56446256685
T1201831,31380.898936998776
T1201832,39652.78651705911
T1201833,48018.15387473903
T1201834,23224.896737775725
T1201835,47677.667570783415
T1201836,45320.64409836034
T1201837,23852.886530580796
T1201838,32513.18828625876
T1201839,44440.256442995975
T1201840,33471.287146706105
T1201841,55731.28975314185
T1201842,36319.67823237891
T1201843,29088.43504392749
T1201844,36034.45819255124
T1201845,46095.31034009587
T1201846,29629.702551269227
T1201847,44277.97220896001
T1201848,32343.96679249037
T1201849,39304.967285268416
T1201850,44575.41662640051
T1201851,33738.55517505601
T1201852,54321.03578359414
T1201853,32839.01807670392
T1201854,36866.53937100367
T1201855,30917.514235677045
T1201856,23170.051473354677
T1201857,39702.03172760435
T1201858,32425.238732118523
T1201859,56328.731463231765
T1201860,27446.059711179063
T1201861,36673.668490307035
T1201862,58112.22113939339
T1201863,47453.79907118006
T1201864,35893.32180446256
T1201865,42404.19724331137
T1201866,36204.71923834737
T1201867,54591.176467459605
T1201868,44450.2606159965
T1201869,34285.32486263458
T1201870,28920.9062137372
T1201871,36323.3192376687
T1201872,38674.141038436326
T1201873,55127.76352570507
T1201874,37703.11714038048
T1201875,55144.96924034935
T1201876,47037.92134634823
T1201877,39072.58051999669
T1201878,47515.5414263254
T1201879,46065.88261482106
T1201880,32765.98975289456
T1201881,44780.00346907246
T1201882,28720.503268742017
T1201883,56473.43097243167
T1201884,48018.15387473903
T1201885,58652.61917587045
T1201886,57217.16037139453
T1201887,23192.396221280604
T1201888,44001.67796858131
T1201889,45335.718821958915
T1201890,45334.70490496825
T1201891,53109.825260142294
T1201892,43637.495720166735
T1201893,36498.1446999693
T1201894,48243.02750205972
T1201895,32401.977270158957
T1201896,30982.315647225463
T1201897,43222.73399996782
T1201898,23795.04065960149
T1201899,29063.218522825893
T1201900,32490.36469504096
T1201901,28131.49274540262
T1201902,43001.28200614851
T1201903,33087.82461936217
T1201904,37761.48916747498
T1201905,43093.14840746521
T1201906,43637.495720166735
T1201907,35509.656033176994
T1201908,64252.88399351396
T1201909,35590.65176563537
T1201910,31318.586187210687
T1201911,64901.75850731513
T1201912,29741.325072161228
T1201913,32872.87183137346
T1201914,36374.99229206095
T1201915,37082.23962534968
T1201916,29281.949014778696
T1201917,39361.18405560595
T1201918,43108.61868697008
T1201919,54188.701849736346
T1201920,35433.876501130224
T1201921,36079.83310985144
T1201922,35032.82024452519
T1201923,36980.77334065696
T1201924,43130.59755865824
T1201925,46685.92353654312
T1201926,39304.967285268416
T1201927,23794.31596200659
T1201928,29268.730582852466
T1201929,37067.59978020771
T1201930,35560.16300145225
T1201931,64807.97571406845
T1201932,39869.18330200302
T1201933,47738.446052838175
T1201934,29028.75538120777
T1201935,36698.7659763987
T1201936,45672.18630362544
T1201937,47722.10882315225
T1201938,37753.398270101614
T1201939,36134.91943017796
T1201940,36861.679915535045
T1201941,38859.01137359614
T1201942,53526.47583990866
T1201943,42865.38411909196
T1201944,56780.362544882446
T1201945,33655.37151111384
T1201946,32729.9981228103
T1201947,55969.63614008486
T1201948,45592.250447641614
T1201949,54752.22120922712
T1201950,68266.88454069334
T1201951,40013.4918221822
T1201952,54863.6875726393
T1201953,36355.58104087464
T1201954,38863.02160663003
T1201955,35331.894749358624
T1201956,32390.489410125952
T1201957,47401.19896635281
T1201958,32924.12619296716
T1201959,55328.207145507076
T1201960,29210.547927811233
T1201961,27205.17842374569
T1201962,58839.71173693474
T1201963,36139.24487417497
T1201964,34112.128906927755
T1201965,37515.184759753014
T1201966,54092.90527177611
T1201967,57171.79264948389
T1201968,37450.199480407595
T1201969,33158.31744208785
T1201970,23935.994765273255
T1201971,57414.5273048444
T1201972,37335.80196357264
T1201973,57414.5273048444
T1201974,47474.02208529657
T1201975,32653.058497143094
T1201976,36212.77078780495
T1201977,36083.56440029192
T1201978,39422.74440673054
T1201979,39339.723697875335
T1201980,39369.660045097924
T1201981,43001.28200614851
T1201982,38197.42406432332
T1201983,54104.44296089643
T1201984,45825.32183711437
T1201985,54381.8802483122
T1201986,48045.77712835666
T1201987,36550.413679708574
T1201988,31211.99012214194
T1201989,31878.48759580517
T1201990,46630.513443248106
T1201991,44455.03752057159
T1201992,34965.00120911594
T1201993,43276.10126211559
T1201994,55821.84589371523
T1201995,40064.4275124456
T1201996,32989.389007039004
T1201997,35136.25646135074
T1201998,66504.54229080945
T1201999,33430.19603362678
T1202000,39125.37703307594
T1202001,36653.08500671413
T1202002,57098.16976558442
T1202003,54381.8802483122
T1202004,63993.070900078455
T1202005,37628.9946360276
T1202006,33102.9635855003
T1202007,38923.588564910315
T1202008,48320.24981904313
T1202009,46871.955625405426
T1202010,34213.092089810096
T1202011,47051.95094352091
T1202012,33644.00349975108
T1202013,44724.1399869768
T1202014,35809.0783713051
T1202015,23405.84179623104
T1202016,39304.967285268416
T1202017,42905.4393778522
T1202018,34457.46743443652
T1202019,41834.30398250394
T1202020,41834.30398250394
T1202021,36650.35806578742
T1202022,32900.26024571113
T1202023,55266.80084870594
T1202024,33956.29582765954
T1202025,36844.58822941187
T1202026,42005.11900522123
T1202027,64192.16074160735
T1202028,43363.35086533736
T1202029,47037.92134634823
T1202030,35858.056533391704
T1202031,63161.91419158915
T1202032,56229.84477341178
T1202033,36905.209275892
T1202034,67869.58626892541
T1202035,45553.62290103512
T1202036,57098.16976558442
T1202037,57098.16976558442
T1202038,29048.786180210755
T1202039,44440.256442995975
T1202040,31714.191706409605
T1202041,23857.459430317318
T1202042,47485.513791950056
T1202043,47333.833214906896
T1202044,39149.46522723448
T1202045,35560.16300145225
T1202046,22429.478442327065
T1202047,38923.588564910315
T1202048,78442.70355531725
T1202049,27890.164531027072
T1202050,31838.707398653925
T1202051,36417.290950984854
T1202052,43790.31235442922
T1202053,42300.52708539813
T1202054,32326.66273183431
T1202055,55471.906929363766
T1202056,35795.77672046692
T1202057,56637.39187582397
T1202058,62711.34984415918
T1202059,36736.41167446217
T1202060,47417.4955468264
T1202061,36673.668490307035
T1202062,47677.667570783415
T1202063,23056.319305272067
T1202064,56128.09841702539
T1202065,43181.831152655366
T1202066,35814.2759698993
T1202067,55527.03341782849
T1202068,44277.97220896001
T1202069,42272.16569319782
T1202070,35836.133161966856
T1202071,46726.50961035396
T1202072,31534.281759859157
T1202073,34600.396324581765
T1202074,49672.85289948334
T1202075,39535.46033076101
T1202076,68499.43608750742
T1202077,67049.06293922958
T1202078,36755.49491149417
T1202079,36908.84506354154
T1202080,23160.716357932277
T1202081,29175.833078883683
T1202082,45870.97293645649
T1202083,35979.38815579005
T1202084,35590.12723495837
T1202085,42194.01858100575
T1202086,58004.75270492055
T1202087,31703.205971100368
T1202088,46866.262977106
T1202089,46113.15296267325
T1202090,35136.25646135074
T1202091,45342.49101646498
T1202092,36115.07497742511
T1202093,42531.75230605071
T1202094,66457.2198380534
T1202095,58945.7010307564
T1202096,43929.39031329019
T1202097,34087.80971492636
T1202098,46982.20407408555
T1202099,28909.42453177769
T1202100,54123.001712025885
T1202101,57098.16976558442
T1202102,37360.73057122133
T1202103,56934.42090677837
T1202104,74522.93266782207
T1202105,36297.107224126754
T1202106,48325.40329298034
T1202107,26527.641007151364
T1202108,36248.1436820902
T1202109,36076.235845876705
T1202110,22712.85600548168
T1202111,34404.976897091896
T1202112,36066.56434512849
T1202113,35353.58640856281
T1202114,43169.94364966851
T1202115,47079.31450862818
T1202116,35936.55620950776
T1202117,42448.172323896244
T1202118,37243.659624589345
T1202119,54441.06313163607
T1202120,33129.42516952175
T1202121,45792.57424101218
T1202122,43457.352529552874
T1202123,33463.36113221909
T1202124,28928.396708727705
T1202125,33499.11966999062
T1202126,55198.817668767886
T1202127,43169.94364966851
T1202128,45845.31141660885
T1202129,39535.46033076101
T1202130,46021.289543667874
T1202131,57026.246942567566
T1202132,43054.506124439264
T1202133,53292.607544598184
T1202134,36963.52834266221
T1202135,22457.240613474518
T1202136,34190.46136772811
T1202137,40824.483049727954
T1202138,45935.52775169684
T1202139,29215.5497370365
T1202140,23267.617309179575
T1202141,46008.253082608215
T1202142,31930.632009168683
T1202143,30781.64498015771
T1202144,44304.21829040703
T1202145,40875.947059946666
T1202146,29008.954473475795
T1202147,30959.47201342606
T1202148,38237.47138644547
T1202149,36736.41167446217
T1202150,57417.44470180832
T1202151,47417.4955468264
T1202152,44735.23232993056
T1202153,54879.81830852812
T1202154,73159.92273713378
T1202155,43329.09443541837
T1202156,47941.85872217494
T1202157,23877.72200019714
T1202158,36586.319246835425
T1202159,33175.76458971286
T1202160,29507.3330456915
T1202161,34897.66979695609
T1202162,43770.49789058514
T1202163,45320.64409836034
T1202164,57272.031658586166
T1202165,43001.28200614851
T1202166,37003.167751144734
T1202167,35311.28676556239
T1202168,29838.7177198911
T1202169,46562.18997807665
T1202170,45423.05351684016
T1202171,69122.79172000875
T1202172,43130.59755865824
T1202173,34048.862130880145
T1202174,38268.38783305628
T1202175,66581.72894551721
T1202176,32490.36469504096
T1202177,57789.263263034525
T1202178,40841.17139503684
T1202179,36468.242307855806
T1202180,45037.103047976016
T1202181,35136.25646135074
T1202182,36517.5303226635
T1202183,40151.887451858944
T1202184,38268.38783305628
T1202185,35171.73334344723
T1202186,64325.8823394659
T1202187,37390.28450728871
T1202188,45442.010511779365
T1202189,33340.623025712586
T1202190,57232.776546525536
T1202191,71530.82307628045
T1202192,36357.27547235538
T1202193,55654.390510492856
T1202194,40788.72493302993
T1202195,31194.324138644926
T1202196,53769.23527322115
T1202197,43616.41384712927
T1202198,45585.31110661193
T1202199,67869.58626892541
T1202200,64040.35799299402
T1202201,31805.3663914887
T1202202,47433.69740606868
T1202203,39748.34767406819
T1202204,54835.08793644218
T1202205,40277.61683756568
T1202206,28371.894853828933
T1202207,36212.77078780495
T1202208,54321.03578359414
T1202209,22913.273274380797
T1202210,43404.34518537481
T1202211,65212.754323744826
T1202212,78094.8993420212
T1202213,34588.481804347975
T1202214,34714.106441817945
T1202215,29312.232792599738
T1202216,47369.30348731357
T1202217,54060.583912021706
T1202218,28315.45170817414
T1202219,63483.59321654851
T1202220,43593.80028336795
T1202221,53648.40333862374
T1202222,43445.81742435249
T1202223,33815.30938831757
T1202224,56362.26566115416
T1202225,70469.95931503644
T1202226,36804.74352947709
T1202227,33465.745784658015
T1202228,54810.63238706757
T1202229,38184.58218491749
T1202230,47014.12287477724
T1202231,28666.312604667426
T1202232,57983.58043480039
T1202233,37306.95582079714
T1202234,46043.31711757474
T1202235,62665.72431085139
T1202236,53739.17869703723
T1202237,61541.018901998636
T1202238,34560.74814189289
T1202239,42748.96570369625
T1202240,42356.30080123139
T1202241,39624.81156897861
T1202242,43099.06310269921
T1202243,52530.19960262363
T1202244,52057.458591103554
T1202245,29197.550115461105
T1202246,52573.306082181945
T1202247,53362.651324572
T1202248,35828.855968872085
T1202249,65576.42178150959
T1202250,54132.68700519193
T1202251,34327.27910962754
T1202252,35814.63771921176
T1202253,32435.113954724948
T1202254,67706.3062405947
T1202255,54220.87665482901
T1202256,67229.39234256011
T1202257,43828.09342072615
T1202258,33092.94785740556
T1202259,42267.361361177514
T1202260,33712.56205968033
T1202261,33818.547192958824
T1202262,47036.74168523241
T1202263,49162.146867443094
T1202264,34650.61398812179
T1202265,41552.237101015395
T1202266,35300.24261176172
T1202267,44160.24306609221
T1202268,44913.793943693105
T1202269,42920.516714328616
T1202270,44229.6493613427
T1202271,35963.9324271434
T1202272,43592.11650195982
T1202273,42268.60153994158
T1202274,40261.314912726186
T1202275,42627.21294890846
T1202276,31815.48577612828
T1202277,34061.14989371571
T1202278,46796.730831112814
T1202279,42380.62209028826
T1202280,40805.80008930376
T1202281,28692.92420484513
T1202282,39507.111650042905
T1202283,53472.60253713451
T1202284,42511.58590568904
T1202285,52419.55323598357
T1202286,53337.028770733494
T1202287,29117.403369395903
T1202288,45319.67613328753
T1202289,43803.95597878588
T1202290,42941.010379715146
T1202291,43008.02111354464
T1202292,42602.06690624818
T1202293,79747.77159263169
T1202294,39302.59790694116
T1202295,43575.177309964565
T1202296,55206.00263973352
T1202297,56221.167888909025
T1202298,42237.728882093434
T1202299,47014.12287477724
T1202300,45855.21924547974
T1202301,62045.93018518821
T1202302,35065.07178700272
T1202303,33880.9895643775
T1202304,38506.92398912092
T1202305,43828.09342072615
T1202306,47795.723838736936
T1202307,55104.926874953075
T1202308,56167.84653498041
T1202309,44557.613022980695
T1202310,35724.23752582557
T1202311,57497.988938601186
T1202312,32747.828909121523
T1202313,62187.69727650786
T1202314,37278.65621134228
T1202315,43065.15182115695
T1202316,45325.77469814875
T1202317,62704.35342127287
T1202318,63967.2249837968
T1202319,44964.397808603826
T1202320,71901.23146344181
T1202321,53648.40333862374
T1202322,40465.0909274394
T1202323,62815.393589171545
T1202324,43176.04278994205
T1202325,57050.99296285556
T1202326,42804.655929785506
T1202327,32511.79308783017
T1202328,62230.68516845038
T1202329,56993.65119713872
T1202330,62597.977263345216
T1202331,51156.22303420733
T1202332,35648.358019538544
T1202333,33326.738106001256
T1202334,34203.69398470633
T1202335,46089.857323413424
T1202336,51907.95233793029
T1202337,36627.535923192656
T1202338,46095.34530897339
T1202339,43738.87798627486
T1202340,23265.385233132372
T1202341,36104.879044979236
T1202342,56171.00395789414
T1202343,55515.89648109662
T1202344,38654.736839368285
T1202345,65391.01566917727
T1202346,53720.032536108854
T1202347,42672.57042772202
T1202348,28307.727050591868
T1202349,65941.62071945894
T1202350,53283.30489158488
T1202351,39034.158618012516
T1202352,47374.70586688179
T1202353,42576.33100870788
T1202354,53512.56842997586
T1202355,33873.38751816825
T1202356,40300.815315810054
T1202357,42230.552889440994
T1202358,43644.66594346212
T1202359,37874.647161387395
T1202360,33705.916000260695
T1202361,47435.93640700248
T1202362,55303.56919425771
T1202363,53512.56842997586
T1202364,42040.63730752046
T1202365,54528.92028892435
T1202366,39520.260905489755
T1202367,35953.88345570486
T1202368,33887.38010388369
T1202369,41782.291923385106
T1202370,28197.577566559947
T1202371,45817.191407878905
T1202372,44179.87564702134
T1202373,36912.38405624681
T1202374,56706.0125828232
T1202375,36023.82773811923
T1202376,53037.989641235865
T1202377,43215.98972696756
T1202378,43757.58774592934
T1202379,45709.33581541148
T1202380,32099.20532928813
T1202381,37635.590324276556
T1202382,22727.898156611747
T1202383,46292.833228679105
T1202384,32322.68301850843
T1202385,43136.82526807725
T1202386,39654.165219937466
T1202387,35042.155207651456
T1202388,55314.666620020325
T1202389,40411.22751422283
T1202390,38673.387217203686
T1202391,41768.708010367234
T1202392,28618.223121283292
T1202393,40354.10533260135
T1202394,42672.57042772202
T1202395,44376.011691723535
T1202396,61403.54386705581
T1202397,42824.22877505007
T1202398,46203.58568584891
T1202399,55104.926874953075
T1202400,43178.04381522278
T1202401,22769.332771995938
T1202402,56167.84653498041
T1202403,36436.65798079774
T1202404,53161.27090156109
T1202405,38732.29321375398
T1202406,32154.43223018003
T1202407,32538.64252677579
T1202408,42748.96570369625
T1202409,32470.926971301287
T1202410,42897.68926522848
T1202411,40005.45038380952
T1202412,41653.60040834
T1202413,42584.522807264795
T1202414,34127.37722011774
T1202415,41009.348454808576
T1202416,42449.96015060807
T1202417,41414.8191490063
T1202418,26164.831616347732
T1202419,56262.28560042354
T1202420,56167.84653498041
T1202421,36178.89557333181
T1202422,35791.91249078729
T1202423,63330.32975176874
T1202424,42167.609099698086
T1202425,33533.979438012764
T1202426,35855.943736778136
T1202427,33699.39240580443
T1202428,43691.20804034315
T1202429,65495.48854179096
T1202430,35582.312028792476
T1202431,42602.06690624818
T1202432,54092.24812449303
T1202433,40714.48032017127
T1202434,38506.92398912092
T1202435,41782.291923385106
T1202436,46778.80093662616
T1202437,23368.81274296166
T1202438,75893.98089298785
T1202439,32902.36979045366
T1202440,46699.57612421795
T1202441,54781.256151203575
T1202442,37854.49155232454
T1202443,38518.91293202779
T1202444,65190.59064132836
T1202445,65009.912218284226
T1202446,56993.65119713872
T1202447,28229.326290601224
T1202448,32538.64252677579
T1202449,46473.21103485374
T1202450,62935.856423385034
T1202451,76765.20777813127
T1202452,42702.95314057631
T1202453,41477.96120463437
T1202454,38769.182919731174
T1202455,28315.13253737198
T1202456,42511.58590568904
T1202457,60993.575369402985
T1202458,28060.89372739171
T1202459,62607.030928508946
T1202460,43136.82526807725
T1202461,63037.06453491911
T1202462,54281.426078801975
T1202463,36023.82773811923
T1202464,37814.658431836804
T1202465,56150.29621457941
T1202466,31231.52219074841
T1202467,55472.289200782616
T1202468,37232.74372334434
T1202469,36034.294409497605
T1202470,43307.557639802835
T1202471,44294.669957050355
T1202472,62815.393589171545
T1202473,46546.53259328661
T1202474,42047.07468659482
T1202475,67101.34810996032
T1202476,29120.38385159625
T1202477,35417.77854122867
T1202478,47447.93575877968
T1202479,42649.96363050999
T1202480,63529.93302767354
T1202481,35412.92150156578
T1202482,55858.01149412363
T1202483,37274.92847086568
T1202484,52590.94084040757
T1202485,36830.58225618675
T1202486,63634.96322863505
T1202487,37021.3129581009
T1202488,42314.747353451145
T1202489,43424.653784157046
T1202490,46001.90450745726
T1202491,35164.817452321506
T1202492,42511.58590568904
T1202493,62763.882024982275
T1202494,55494.6186513369
T1202495,43176.04278994205
T1202496,47029.08461571384
T1202497,38469.8463246165
T1202498,63582.74666386093
T1202499,41846.43474033141
T1202500,66151.79350125509
T1202501,43644.66594346212
T1202502,36345.291150522426
T1202503,42831.47485425518
T1202504,62597.977263345216
T1202505,43293.9431012792
T1202506,42733.49663152138
T1202507,40107.86118722138
T1202508,32031.543375661204
T1202509,27436.44467130683
T1202510,38762.47515850684
T1202511,26776.21404285317
T1202512,42576.33100870788
T1202513,37100.245503515005
T1202514,55494.6186513369
T1202515,33660.681900099466
T1202516,46936.070729305415
T1202517,43575.177309964565
T1202518,45817.191407878905
T1202519,40318.5673060664
T1202520,44973.60130917379
T1202521,27659.982198216487
T1202522,46546.53259328661
T1202523,55948.909040452774
T1202524,22728.575230688402
T1202525,34996.000367230765
T1202526,41923.182984436804
T1202527,66977.16781966818
T1202528,39515.31795357326
T1202529,37278.65621134228
T1202530,44563.2986053365
T1202531,56084.51092018688
T1202532,46468.7644266468
T1202533,34595.071601657844
T1202534,40757.50886053203
T1202535,54603.29675265485
T1202536,44376.962609997434
T1202537,53318.50347427634
T1202538,38188.55519483398
T1202539,45957.408705995585
T1202540,39441.16963449202
T1202541,39773.36914091515
T1202542,52301.17927084477
T1202543,39449.29594404171
T1202544,35777.5977482743
T1202545,35777.89631929447
T1202546,40318.5673060664
T1202547,34026.57554052976
T1202548,28496.06867468109
T1202549,36713.302021859156
T1202550,63214.69943023714
T1202551,42702.95314057631
T1202552,43715.24493099156
T1202553,22909.183040452222
T1202554,41911.89856388925
T1202555,21928.888618011646
T1202556,41782.291923385106
T1202557,33715.691080757126
T1202558,29255.10359903144
T1202559,43575.177309964565
T1202560,38894.7594740615
T1202561,47301.02566125092
T1202562,43757.58774592934
T1202563,38673.387217203686
T1202564,41414.8191490063
T1202565,37306.95582079714
T1202566,38732.29321375398
T1202567,36351.62035600477
T1202568,39759.649233675256
T1202569,44130.54626567203
T1202570,43065.15182115695
T1202571,42920.516714328616
T1202572,67577.77877427217
T1202573,55386.00239344268
T1202574,32366.61939897151
T1202575,54667.878620146905
T1202576,31809.877161090513
T1202577,41512.262887484685
T1202578,55613.23038422425
T1202579,35998.23179922574
T1202580,54483.48742212838
T1202581,41369.537269748704
T1202582,28782.02181809089
T1202583,33834.493670345844
T1202584,75757.88767965676
T1202585,53221.564257848804
T1202586,39495.337801593916
T1202587,45946.14684273475
T1202588,33173.56143639505
T1202589,54187.49331036826
T1202590,41336.98602467987
T1202591,51770.71378460422
T1202592,46824.144625704575
T1202593,22855.110042302396
T1202594,42316.13785998072
T1202595,41454.269271798956
T1202596,46337.92417981471
T1202597,21918.740030838417
T1202598,42850.724719006554
T1202599,38952.7667062063
T1202600,46823.70264158984
T1202601,37981.98204936512
T1202602,54363.8705755271
T1202603,41957.68443837336
T1202604,53213.39024530702
T1202605,33298.618141287516
T1202606,40775.501495757446
T1202607,43123.92799308618
T1202608,42822.9100948066
T1202609,43939.938172708404
T1202610,52318.74138790617
T1202611,41090.786377346434
T1202612,42461.03841846604
T1202613,41750.77816768766
T1202614,70023.89306645487
T1202615,75032.31949750164
T1202616,28725.445638848774
T1202617,61896.838162434564
T1202618,33143.355733352015
T1202619,53294.317119110514
T1202620,35251.714480435054
T1202621,39490.51675463188
T1202622,31499.683484031204
T1202623,41593.72670052572
T1202624,38401.597332599755
T1202625,39385.87541181188
T1202626,61388.15232846024
T1202627,41969.166495003345
T1202628,56224.744536777594
T1202629,44556.61911130366
T1202630,46647.70605212932
T1202631,45009.37904616315
T1202632,41766.78635024977
T1202633,42570.303876005564
T1202634,31746.7917537724
T1202635,46083.64203682961
T1202636,34457.229709005805
T1202637,55139.45350936608
T1202638,31773.50865842706
T1202639,49829.3178652175
T1202640,62710.724655347
T1202641,35747.54107745277
T1202642,33715.87164970225
T1202643,36610.585394057256
T1202644,45983.998480591625
T1202645,32951.23659461514
T1202646,27471.75958093519
T1202647,38994.222331130506
T1202648,33207.19688135087
T1202649,27788.602777214972
T1202650,35078.08786754418
T1202651,43368.85653515602
T1202652,35152.44205686162
T1202653,37599.833530614764
T1202654,22712.347003721283
T1202655,63944.545432603954
T1202656,25676.739112058407
T1202657,38776.34818605715
T1202658,56071.073430965895
T1202659,53970.45180249169
T1202660,35302.690701838845
T1202661,35652.8558949089
T1202662,51290.55180223515
T1202663,32665.65171580127
T1202664,32776.21353019701
T1202665,55386.67739783863
T1202666,38807.66259337589
T1202667,52137.2141542474
T1202668,32463.559624069134
T1202669,42735.889025847595
T1202670,43445.03008884653
T1202671,38973.23167130865
T1202672,37744.712704760736
T1202673,42108.99656824253
T1202674,33395.55970911341
T1202675,46356.990735131294
T1202676,53782.27381243658
T1202677,39938.07023793829
T1202678,53614.79179227959
T1202679,33919.35966182271
T1202680,28644.8312199996
T1202681,38749.164237318815
T1202682,42358.01743831966
T1202683,56071.073430965895
T1202684,32424.737806555386
T1202685,61249.31143861014
T1202686,54945.04724777168
T1202687,43794.89457447685
T1202688,35870.620267252
T1202689,44914.35321374853
T1202690,38873.03853830159
T1202691,42746.95978941423
T1202692,62288.01140214388
T1202693,55148.44992127138
T1202694,52772.94404526553
T1202695,41765.311944355424
T1202696,43624.18638688063
T1202697,41125.16607230289
T1202698,43339.07237740717
T1202699,38807.35650179889
T1202700,38916.992277205405
T1202701,36086.082086936476
T1202702,27813.984361116203
T1202703,48511.36043672354
T1202704,53249.32132091215
T1202705,61388.15232846024
T1202706,33857.27511770505
T1202707,51451.65461967039
T1202708,41969.166495003345
T1202709,37008.71729874549
T1202710,37676.31910099883
T1202711,52606.20050141603
T1202712,36513.460503839924
T1202713,61191.3286112851
T1202714,31998.153565901564
T1202715,35054.74584839578
T1202716,34877.55002074631
T1202717,45384.070462660726
T1202718,40796.47101888589
T1202719,33445.232682214955
T1202720,41705.73824983205
T1202721,51407.70250176793
T1202722,45856.21255868968
T1202723,64310.911277414474
T1202724,53140.97625942334
T1202725,44105.48344267875
T1202726,38125.18064260937
T1202727,42901.311605832336
T1202728,45094.85942526959
T1202729,42850.724719006554
T1202730,41090.786377346434
T1202731,53783.4097708069
T1202732,41856.23557572525
T1202733,31809.877161090513
T1202734,54256.794844310345
T1202735,37720.03646769354
T1202736,37744.712704760736
T1202737,66014.17770361842
T1202738,37540.07712523334
T1202739,34290.8739679764
T1202740,66634.57023793054
T1202741,31194.562764496546
T1202742,44968.20014095278
T1202743,40775.501495757446
T1202744,35361.26088675015
T1202745,33421.12395140762
T1202746,52356.563627763586
T1202747,34488.70257542043
T1202748,23389.247038200716
T1202749,53633.21844179051
T1202750,35469.62303114
T1202751,41295.00094609733
T1202752,41628.159173858534
T1202753,54112.04408827063
T1202754,41547.52693346041
T1202755,45066.38386801634
T1202756,34598.37596343674
T1202757,41460.72407652731
T1202758,43339.44444525529
T1202759,22657.070759488517
T1202760,27086.235305621445
T1202761,53970.45180249169
T1202762,27493.300157355567
T1202763,54924.792511723484
T1202764,37849.166876230236
T1202765,45918.30255260527
T1202766,55233.01388815003
T1202767,45066.38386801634
T1202768,34916.91942273695
T1202769,61547.27908983216
T1202770,63606.54077508345
T1202771,39497.58530677836
T1202772,52689.27078874495
T1202773,43096.4462149712
T1202774,39495.337801593916
T1202775,35562.97713307446
T1202776,41205.042785589256
T1202777,52305.6745507708
T1202778,34669.4327543026
T1202779,28002.689527336657
T1202780,61328.981827212185
T1202781,42214.52382062094
T1202782,45860.62784967003
T1202783,27533.801440024876
T1202784,35263.07443026892
T1202785,42735.889025847595
T1202786,26211.080063591584
T1202787,40430.0569576279
T1202788,41893.516991125005
T1202789,41090.786377346434
T1202790,60754.88246910764
T1202791,38697.78719039228
T1202792,42024.947011636665
T1202793,41805.84604295167
T1202794,41957.68443837336
T1202795,46571.2904878262
T1202796,76893.02760899089
T1202797,42726.50020090909
T1202798,41986.62020840221
T1202799,39260.205382755295
T1202800,64192.67930189452
T1202801,27440.968021604793
T1202802,45831.709775340816
T1202803,27668.102035670276
T1202804,26822.87766309814
T1202805,31463.834231717927
T1202806,56603.35355030753
T1202807,37025.664474695295
T1202808,42108.99656824253
T1202809,47099.6623426485
T1202810,64230.81399404475
T1202811,61612.43057040184
T1202812,41766.78635024977
T1202813,27587.22339891047
T1202814,39189.04640162924
T1202815,41893.516991125005
T1202816,33227.39614141133
T1202817,37008.71729874549
T1202818,42017.77393502247
T1202819,45183.64546753138
T1202820,54536.02738687694
T1202821,42358.01743831966
T1202822,61732.55283743551
T1202823,60245.82327393792
T1202824,66197.4393553066
T1202825,33752.39307354856
T1202826,55233.01388815003
T1202827,55058.680420950644
T1202828,42920.977632460585
T1202829,31813.48275608262
T1202830,36749.10526810086
T1202831,39850.483916856196
T1202832,42547.06515046448
T1202833,35626.78999323552
T1202834,54536.02738687694
T1202835,50766.30548636869
T1202836,46356.990735131294
T1202837,44520.65083717056
T1202838,31889.05668035724
T1202839,62178.52546820302
T1202840,42284.86647658778
T1202841,62463.14947711901
T1202842,60926.36430325384
T1202843,45731.395146944735
T1202844,22758.30314274902
T1202845,41277.99034809217
T1202846,31529.20437188046
T1202847,52862.927666402626
T1202848,63943.78944746866
T1202849,52300.405339992656
T1202850,33379.525000172056
T1202851,46417.57573986335
T1202852,33102.23735246475
T1202853,41052.7752975756
T1202854,42735.889025847595
T1202855,31742.974088101426
T1202856,42822.9100948066
T1202857,38058.113710924576
T1202858,44030.45481378494
T1202859,64919.99778074649
T1202860,41766.78635024977
T1202861,42159.88863478235
T1202862,42901.311605832336
T1202863,38103.861750197546
T1202864,28576.688002260442
T1202865,30705.932426264448
T1202866,35229.52566753188
T1202867,35302.690701838845
T1202868,37705.26302627482
T1202869,43437.59776372794
T1202870,35586.93574407124
T1202871,42389.02532056954
T1202872,37105.61509047697
T1202873,33548.65607321242
T1202874,61445.06332070078
T1202875,34316.76271507688
T1202876,61721.18679325129
T1202877,64912.70327154778
T1202878,42630.66094914329
T1202879,53300.7792824066
T1202880,33290.187005869026
T1202881,39840.58878502374
T1202882,34370.72370323641
T1202883,37843.69524446587
T1202884,55218.66690590879
T1202885,41797.85310319065
T1202886,43559.62863577912
T1202887,45444.64903992711
T1202888,53182.624818743614
T1202889,38103.861750197546
T1202890,50551.23046291168
T1202891,42261.496590954834
T1202892,42332.45475508412
T1202893,46783.46800321601
T1202894,60855.6168590728
T1202895,52606.20050141603
T1202896,42332.45475508412
T1202897,71228.0697159102
T1202898,41848.81667762872
T1202899,51788.20464228544
T1202900,38125.18064260937
T1202901,42083.597968379516
T1202902,54873.10394299437
T1202903,39550.05588779021
T1202904,42277.293526719
T1202905,35152.44205686162
T1202906,45322.91360659973
T1202907,52764.173465300155
T1202908,28738.949296013197
T1202909,35015.408117652405
T1202910,55233.01388815003
T1202911,44196.24749989946
T1202912,36985.6265231012
T1202913,78772.58536810568
T1202914,62364.6573837933
T1202915,41494.14430587996
T1202916,54561.005124647694
T1202917,36058.966818138935
T1202918,34742.0342979804
T1202919,39428.33897923725
T1202920,37579.755960942355
T1202921,53269.38250702786
T1202922,57179.30703307309
T1202923,36943.61653094557
T1202924,36962.908406310315
T1202925,28612.718677831133
T1202926,38306.75005111375
T1202927,46324.8781945606
T1202928,62392.09014225828
T1202929,41421.21955380819
T1202930,42116.43999758087
T1202931,41797.85310319065
T1202932,52619.943453134605
T1202933,33058.51084676304
T1202934,34800.011121593365
T1202935,61491.43906568232
T1202936,43096.4462149712
T1202937,66070.44626545763
T1202938,27824.721831729512
T1202939,40870.09465162886
T1202940,66762.1394698002
T1202941,51646.64329741621
T1202942,35778.21750509906
T1202943,61636.1707422041
T1202944,36005.88514208249
T1202945,36736.77086426413
T1202946,61727.638816665196
T1202947,41605.59319447133
T1202948,53595.45354860988
T1202949,27753.662617427428
T1202950,39045.232645249685
T1202951,64967.08009302794
T1202952,35378.710407197614
T1202953,42119.10647390431
T1202954,55536.828732335634
T1202955,42708.327906798695
T1202956,27152.133743919014
T1202957,61827.01665736239
T1202958,43389.80790611112
T1202959,41237.02540105602
T1202960,53500.90562206497
T1202961,37226.45965734786
T1202962,42784.24165953161
T1202963,42124.419451717855
T1202964,41167.59685691981
T1202965,52607.129125309366
T1202966,46451.16064607984
T1202967,64233.76637960119
T1202968,54283.819230099965
T1202969,41940.34767161619
T1202970,56633.488410150756
T1202971,46428.10380090981
T1202972,40826.09393232116
T1202973,55449.3541129597
T1202974,51644.69756793334
T1202975,44564.69965081208
T1202976,46186.581121703544
T1202977,36116.91288369343
T1202978,53037.18424200951
T1202979,45567.76670587329
T1202980,41786.008703498635
T1202981,38992.667401352875
T1202982,41508.09492579503
T1202983,42301.780348032284
T1202984,35133.69290680907
T1202985,44582.27846049635
T1202986,51168.376037578186
T1202987,53628.70235038211
T1202988,35731.153465717754
T1202989,61577.99308830066
T1202990,28746.900846194305
T1202991,50262.80635110283
T1202992,64635.45205756148
T1202993,34447.98728017781
T1202994,46373.9960808519
T1202995,33128.13964244528
T1202996,75688.85382998349
T1202997,32019.699550134526
T1202998,35378.22522519259
T1202999,55680.81113878057
T1203000,41447.187199208514
T1203001,53556.31911738714
T1203002,43004.92616169173
T1203003,33497.677080652364
T1203004,27684.517721213597
T1203005,37738.131106257606
T1203006,41477.106380725825
T1203007,54568.503770831616
T1203008,33235.72003424168
T1203009,28637.49400702509
T1203010,52786.45887565982
T1203011,70060.4818904982
T1203012,40580.877438341755
T1203013,62542.50741971942
T1203014,46446.49754507685
T1203015,66151.20270977287
T1203016,26446.72803030089
T1203017,46008.43173597438
T1203018,38003.71250675981
T1203019,55321.358726956045
T1203020,54932.937627704414
T1203021,62291.98904806838
T1203022,75389.6196654659
T1203023,43365.04541671281
T1203024,41786.008703498635
T1203025,60745.76757249486
T1203026,42404.02183718065
T1203027,54891.18870268454
T1203028,42517.81886840318
T1203029,66782.08683066575
T1203030,41891.3459138215
T1203031,46451.16064607984
T1203032,52215.78603249757
T1203033,46696.42246698067
T1203034,37040.5371392433
T1203035,43017.659425221784
T1203036,37103.36334711725
T1203037,31417.38438307615
T1203038,43697.42702051856
T1203039,63902.32666180958
T1203040,32665.546915424788
T1203041,34814.44460408093
T1203042,26907.104375854775
T1203043,45450.23141996628
T1203044,55291.421713386946
T1203045,35655.16823614506
T1203046,43033.5072637898
T1203047,76726.55814933265
T1203048,27618.116641030854
T1203049,42447.2407181067
T1203050,42014.788549668025
T1203051,78655.60140482744
T1203052,33025.73774791738
T1203053,66649.93349927348
T1203054,51527.259354122674
T1203055,61973.39630891764
T1203056,27823.0901752347
T1203057,65253.85807591806
T1203058,42005.74652457582
T1203059,61262.13107802013
T1203060,37698.36326685122
T1203061,41618.680808091296
T1203062,31472.23209960005
T1203063,53945.356853279576
T1203064,71275.46420021319
T1203065,64281.520108707584
T1203066,42413.40878724657
T1203067,61203.16622390874
T1203068,41747.55965104959
T1203069,54671.089262326284
T1203070,39882.33124593924
T1203071,45154.68486186293
T1203072,41158.38603499466
T1203073,42414.67431835961
T1203074,42467.32948950979
T1203075,32019.699550134526
T1203076,37887.624146551774
T1203077,31823.34295597294
T1203078,62899.29768993344
T1203079,33280.61655973355
T1203080,55204.31766546798
T1203081,40899.74602294116
T1203082,61535.93969416396
T1203083,36770.20841728821
T1203084,46058.88488666079
T1203085,62763.03813715792
T1203086,55537.98237475693
T1203087,33157.65426640254
T1203088,57192.91925625174
T1203089,31998.880729992823
T1203090,40741.1020348329
T1203091,31634.43359408432
T1203092,42244.09306549159
T1203093,38213.112759981625
T1203094,35247.46428012821
T1203095,66019.71614155831
T1203096,52233.35681700262
T1203097,62838.60591293492
T1203098,54606.73286035915
T1203099,39611.53305462376
T1203100,39333.65329735808
T1203101,42464.71045201243
T1203102,62606.90374873126
T1203103,33703.81237341264
T1203104,54092.04987549495
T1203105,42645.155966322236
T1203106,46728.88058564276
T1203107,53475.99650224593
T1203108,33309.22357845736
T1203109,53644.007560364305
T1203110,42958.052046178615
T1203111,35244.79881471778
T1203112,37738.131106257606
T1203113,31209.24892737949
T1203114,38920.64640315534
T1203115,56104.54089327038
T1203116,41691.61923491883
T1203117,42363.06814477854
T1203118,55489.535456330756
T1203119,39125.14864145754
T1203120,39045.232645249685
T1203121,42792.512862599746
T1203122,52609.93760268168
T1203123,39142.67588691694
T1203124,53204.65349384499
T1203125,32852.92199072364
T1203126,46140.72042660724
T1203127,39518.05655977396
T1203128,39315.557894112404
T1203129,38544.7771533614
T1203130,42792.512862599746
T1203131,31993.713931365488
T1203132,41966.99333035727
T1203133,66159.44359471586
T1203134,41390.07075273426
T1203135,55291.421713386946
T1203136,53082.25838889772
T1203137,28897.874386000796
T1203138,33858.066795127146
T1203139,55291.421713386946
T1203140,43603.16402367236
T1203141,45239.12559040846
T1203142,33611.495960350454
T1203143,37040.38155024307
T1203144,41773.157337621364
T1203145,42792.512862599746
T1203146,26355.163107743458
T1203147,35387.99175649264
T1203148,41225.949143359896
T1203149,38776.205938264575
T1203150,42053.691590721806
T1203151,41940.34767161619
T1203152,41281.56161771606
T1203153,42814.484763582936
T1203154,37706.44084382713
T1203155,39394.36624927089
T1203156,32983.32190111174
T1203157,45862.63286145493
T1203158,64405.528530744275
T1203159,43595.1911654949
T1203160,30905.40495587309
T1203161,51451.091749598134
T1203162,54932.937627704414
T1203163,42247.599700690604
T1203164,38126.734944689546
T1203165,37063.51815209101
T1203166,35420.6186638673
T1203167,62204.369828846924
T1203168,42046.515901108534
T1203169,41573.676348896435
T1203170,41780.30814167331
T1203171,54973.74567885237
T1203172,41790.57128806165
T1203173,71275.46420021319
T1203174,46844.59420669629
T1203175,41786.008703498635
T1203176,46148.49912870467
T1203177,42301.780348032284
T1203178,53368.31380472552
T1203179,50931.635071311146
T1203180,45935.29162407442
T1203181,61969.021539518726
T1203182,37163.60336107921
T1203183,28664.410928801663
T1203184,43033.5072637898
T1203185,41826.66436949668
T1203186,44182.062260723076
T1203187,33439.717797505284
T1203188,47177.36509000863
T1203189,41826.66436949668
T1203190,64555.13966529514
T1203191,62067.81895201741
T1203192,73076.27757858741
T1203193,39774.19169748374
T1203194,27760.346985173623
T1203195,37150.6927577352
T1203196,42327.333164870404
T1203197,33280.04480393203
T1203198,27639.067838864437
T1203199,54738.9890610321
T1203200,41679.46407523499
T1203201,43661.768594875575
T1203202,40808.169091909505
T1203203,66649.93349927348
T1203204,41419.048383080844
T1203205,51527.68022269247
T1203206,42958.052046178615
T1203207,41325.101576506284
T1203208,61943.35616619057
T1203209,27684.517721213597
T1203210,42124.419451717855
T1203211,54568.503770831616
T1203212,53204.65349384499
T1203213,55025.484710345765
T1203214,47072.671228173065
T1203215,45154.68486186293
T1203216,35138.40552785503
T1203217,43434.12557453317
T1203218,39559.01903298309
T1203219,39556.76966647687
T1203220,35610.83290153547
T1203221,33376.776798120125
T1203222,32933.99243326094
T1203223,52661.96702320668
T1203224,40808.169091909505
T1203225,28093.963432038017
T1203226,45949.25673986035
T1203227,62743.44060560846
T1203228,39621.97982123017
T1203229,42197.13060211093
T1203230,61727.638816665196
T1203231,55809.21746458001
T1203232,37150.6927577352
T1203233,41966.99333035727
T1203234,53037.18424200951
T1203235,41691.61923491883
T1203236,37950.756679045444
T1203237,32208.63551191736
T1203238,54031.01476851191
T1203239,41897.971863063205
T1203240,47377.5975531434
T1203241,33536.338116222505
T1203242,41167.59685691981
T1203243,38105.05870479723
T1203244,45133.71674479359
T1203245,46039.10018264831
T1203246,53483.656857867536
T1203247,33912.68211184475
T1203248,38951.71611632801
T1203249,54199.18757966167
T1203250,39911.50732298302
T1203251,38824.6654389454
T1203252,42327.333164870404
T1203253,56104.54089327038
T1203254,43868.4735333102
T1203255,43399.20713402943
T1203256,52517.17461985827
T1203257,41780.30814167331
T1203258,42907.42952384577
T1203259,28016.680845751114
T1203260,45986.876589526364
T1203261,38164.185731382175
T1203262,54556.40725298102
T1203263,52625.52236818967
T1203264,46757.20178702653
T1203265,41225.949143359896
T1203266,42784.24165953161
T1203267,41741.28494032254
T1203268,27953.897987606037
T1203269,28884.331001178478
T1203270,42114.11271352206
T1203271,33477.605556825154
T1203272,52873.92272906202
T1203273,39125.14864145754
T1203274,33965.9799548225
T1203275,41524.116997279074
T1203276,41225.949143359896
T1203277,43389.80790611112
T1203278,56055.25073906939
T1203279,39205.171579627975
T1203280,28941.073568849675
T1203281,53653.46100338897
T1203282,31883.380167573927
T1203283,39556.76966647687
T1203284,41891.3459138215
T1203285,33340.87027966599
T1203286,42907.42952384577
T1203287,39357.98107395794
T1203288,52017.98756868394
T1203289,28657.988814998815
T1203290,45024.26819837861
T1203291,34460.23973087237
T1203292,53880.85402147741
T1203293,35649.69237507559
T1203294,42435.98411963842
T1203295,33968.0165704638
T1203296,41618.680808091296
T1203297,41430.520819901445
T1203298,66135.14916351948
T1203299,39123.6730668122
T1203300,41564.63677318772
T1203301,52785.641037967536
T1203302,37887.624146551774
T1203303,33629.41747903778
T1203304,42674.244710079205
T1203305,54646.41880358119
T1203306,41345.9105662858
T1203307,35225.18217374524
T1203308,29340.600060374054
T1203309,53889.07071288061
T1203310,56952.45185830119
T1203311,64898.48491128232
T1203312,39100.85236756746
T1203313,39223.54734625598
T1203314,28121.17565166168
T1203315,55847.01053208035
T1203316,35191.652621901805
T1203317,43453.23727788352
T1203318,46818.17287031202
T1203319,42475.31579097859
T1203320,40710.07743396173
T1203321,33258.46809490655
T1203322,42271.922995259505
T1203323,37858.7841036131
T1203324,39936.14359246586
T1203325,56378.7899855076
T1203326,35784.63038711126
T1203327,71508.07463936677
T1203328,42800.617895208525
T1203329,35501.46471891256
T1203330,53671.31255032749
T1203331,41123.56329141899
T1203332,62116.56784358723
T1203333,46895.77029830028
T1203334,35804.61172418912
T1203335,46320.93756138316
T1203336,31045.12513690347
T1203337,42341.05102512445
T1203338,38241.32944324917
T1203339,37681.90575755175
T1203340,41688.323356989225
T1203341,34265.933482681074
T1203342,31971.55464044648
T1203343,34227.36811505319
T1203344,52807.59020663034
T1203345,44725.72778296338
T1203346,42695.30490619372
T1203347,41907.65202214887
T1203348,52812.515043248146
T1203349,28919.248864875553
T1203350,62523.89686858341
T1203351,52895.07270078558
T1203352,35356.58541500167
T1203353,56179.74067494632
T1203354,41158.54241312716
T1203355,34305.92632882178
T1203356,26869.470761242654
T1203357,52043.07299705318
T1203358,62780.862461189245
T1203359,35537.27151081352
T1203360,62219.37687518109
T1203361,37155.05515288834
T1203362,53058.368970365984
T1203363,40795.03486841859
T1203364,38975.139153628865
T1203365,33418.31131701659
T1203366,41123.56329141899
T1203367,38807.96785157275
T1203368,34067.89228242363
T1203369,51922.81040640148
T1203370,52772.48732602428
T1203371,61889.045377862254
T1203372,39741.52003080455
T1203373,42811.09497030893
T1203374,27241.026829528426
T1203375,41763.43581311628
T1203376,41472.803478215654
T1203377,55578.13710304167
T1203378,27711.457056301144
T1203379,32183.342475520996
T1203380,32967.302257841024
T1203381,61424.097871658785
T1203382,53601.700689359015
T1203383,70290.97342811525
T1203384,53657.76774740223
T1203385,71508.07463936677
T1203386,61052.16897538282
T1203387,55579.49569183371
T1203388,37176.71828254698
T1203389,64817.9985482476
T1203390,55130.979934982366
T1203391,55578.13710304167
T1203392,55261.42157788054
T1203393,73308.80311927442
T1203394,42085.91593603221
T1203395,43622.04675684182
T1203396,66438.53696365851
T1203397,27711.457056301144
T1203398,26497.053795442203
T1203399,41429.18067909441
T1203400,39378.09980942041
T1203401,55099.367337977346
T1203402,44564.043368615436
T1203403,79019.58279959658
T1203404,64519.5020158604
T1203405,38759.51945622365
T1203406,38944.05948846272
T1203407,42422.39075554917
T1203408,41761.589126214334
T1203409,43967.65717607578
T1203410,39118.373815387
T1203411,27700.67061673383
T1203412,32297.39867471206
T1203413,41972.37137711162
T1203414,42389.939256922065
T1203415,54318.35019218299
T1203416,61799.19228515086
T1203417,41791.636869486436
T1203418,63160.138831899974
T1203419,55552.848444021765
T1203420,53058.368970365984
T1203421,35052.53791444494
T1203422,66352.17624876702
T1203423,42054.7353039957
T1203424,39697.16739320475
T1203425,31087.762038091318
T1203426,46742.94813770126
T1203427,56620.68829087036
T1203428,37793.32377246941
T1203429,41593.93707257897
T1203430,39100.85236756746
T1203431,33839.64266419411
T1203432,33288.27795035256
T1203433,28009.053290150747
T1203434,41811.03664835655
T1203435,42887.10592496121
T1203436,28976.027941962046
T1203437,42527.84789084839
T1203438,42926.15118768569
T1203439,41496.93553046182
T1203440,38115.729329657566
T1203441,54097.51467863437
T1203442,30293.06839686572
T1203443,54873.95032382521
T1203444,33504.91043459147
T1203445,54794.89882686618
T1203446,45242.19275726428
T1203447,53654.26082703136
T1203448,54949.96336377895
T1203449,46877.442234649134
T1203450,66417.9976734041
T1203451,42656.790616114275
T1203452,38528.14379690742
T1203453,39458.36541434951
T1203454,46252.253199726285
T1203455,44116.610912578406
T1203456,28206.61831673664
T1203457,42800.617895208525
T1203458,39020.96282126788
T1203459,56378.7899855076
T1203460,27665.983613566434
T1203461,31180.368070498746
T1203462,35018.61609200255
T1203463,39642.340956635126
T1203464,33159.33675422343
T1203465,55748.089657355304
T1203466,66393.6527123132
T1203467,36732.67387343267
T1203468,46137.12372555961
T1203469,53510.91834845438
T1203470,46045.667341211025
T1203471,32138.97949308327
T1203472,47517.1416886173
T1203473,42026.89525261062
T1203474,37802.700774065495
T1203475,41761.589126214334
T1203476,45898.787207942216
T1203477,41972.37137711162
T1203478,33565.76803107696
T1203479,53867.919989919
T1203480,51924.76170989182
T1203481,61830.74068225388
T1203482,54269.48784074401
T1203483,55663.38273086865
T1203484,36188.00910045811
T1203485,62029.8867751623
T1203486,40033.74943783315
T1203487,42415.520421006244
T1203488,43896.870687956434
T1203489,41158.54241312716
T1203490,42926.15118768569
T1203491,28127.374202437073
T1203492,52865.06784046446
T1203493,39642.340956635126
T1203494,45331.260254257635
T1203495,34943.801057724835
T1203496,54828.53526137746
T1203497,46297.825159663094
T1203498,62167.58942563067
T1203499,42976.78547060745
T1203500,51839.28109413691
T1203501,55313.30461532937
T1203502,43707.91569617827
T1203503,62992.939839209255
T1203504,53225.873822706206
T1203505,43408.536835857114
T1203506,31899.023329751195
T1203507,46983.300514396244
T1203508,31923.193543981382
T1203509,40868.657121247896
T1203510,53225.873822706206
T1203511,31934.2750395695
T1203512,33100.34245238178
T1203513,31733.968261572445
T1203514,38217.431857451695
T1203515,63088.306455556696
T1203516,39342.530027916604
T1203517,42371.043997083296
T1203518,62888.970118573525
T1203519,46155.07459430912
T1203520,45980.693030983544
T1203521,62313.99888621709
T1203522,37244.12823540221
T1203523,33468.39183228527
T1203524,42245.93045747429
T1203525,43614.340581581986
T1203526,41791.636869486436
T1203527,55297.821611106956
T1203528,42976.78547060745
T1203529,33195.70911799657
T1203530,54299.30117066425
T1203531,38239.42390856939
T1203532,45305.26584203675
T1203533,40777.11729348825
T1203534,39147.15111698696
T1203535,41502.74038620315
T1203536,42173.21812128299
T1203537,47019.18829464861
T1203538,39500.87058188271
T1203539,27974.749088088563
T1203540,40777.11729348825
T1203541,33783.22583910019
T1203542,53052.803038389044
T1203543,42162.9050248061
T1203544,43408.90922123114
T1203545,41896.71879500972
T1203546,31989.965923088475
T1203547,30871.03644918895
T1203548,35852.14939818719
T1203549,46189.97579970761
T1203550,55130.979934982366
T1203551,28670.74380962893
T1203552,51231.34078267155
T1203553,41917.93181761183
T1203554,41907.65202214887
T1203555,41515.24896748214
T1203556,28932.800966852523
T1203557,53268.5373774809
T1203558,43136.69012978375
T1203559,42472.43173631874
T1203560,52244.29262595008
T1203561,42318.92976538563
T1203562,57457.23895314758
T1203563,32996.74048683591
T1203564,63045.47858209981
T1203565,46065.45354822752
T1203566,36786.47812290532
T1203567,63531.69354683625
T1203568,41822.71346483743
T1203569,47316.59499933092
T1203570,42389.939256922065
T1203571,32795.96912986058
T1203572,28664.320940092235
T1203573,42026.89525261062
T1203574,42823.74730312925
T1203575,41158.54241312716
T1203576,42093.09520623834
T1203577,41857.22951953176
T1203578,42800.617895208525
T1203579,37053.47329390738
T1203580,45522.12681189431
T1203581,62460.37061852972
T1203582,33786.18321132491
T1203583,42415.520421006244
T1203584,27765.06225262939
T1203585,41822.71346483743
T1203586,30575.798766174383
T1203587,53227.94395337176
T1203588,51676.175061178015
T1203589,28732.57532017606
T1203590,52226.719881941164
T1203591,31578.789724014565
T1203592,37218.86921663213
T1203593,32838.25651446777
T1203594,35476.08286158546
T1203595,55177.16414215415
T1203596,34432.03992130065
T1203597,51805.03558078244
T1203598,42488.75572771638
T1203599,64584.46326881769
T1203600,51478.81931402335
T1203601,62029.8867751623
T1203602,34822.883691608375
T1203603,41675.486178261075
T1203604,54758.97296463413
T1203605,33372.2713976608
T1203606,52794.087014647026
T1203607,46104.57504383511
T1203608,46456.50999857107
T1203609,27758.377280126413
T1203610,42887.10592496121
T1203611,39986.549219663946
T1203612,37128.1920385169
T1203613,46579.76588438261
T1203614,26588.88074788993
T1203615,75387.83396480471
T1203616,34359.68446826891
T1203617,43120.82206090852
T1203618,55032.91800665317
T1203619,50483.14892639793
T1203620,41896.71879500972
T1203621,34970.78720227086
T1203622,67062.05418767642
T1203623,37065.34343202822
T1203624,37721.66435110896
T1203625,28200.49511603166
T1203626,55852.53761654497
T1203627,61507.108099575
T1203628,43014.21062249155
T1203629,43384.14092525156
T1203630,45599.54281456283
T1203631,42541.54064438978
T1203632,40514.03478799952
T1203633,53716.52967635962
T1203634,38790.52060456368
T1203635,41923.207890952275
T1203636,41463.86769504414
T1203637,42026.89525261062
T1203638,45717.2834850343
T1203639,27878.10791970229
T1203640,66975.26258077593
T1203641,27030.154246041177
T1203642,42173.21812128299
T1203643,76889.55581119673
T1203644,35848.95797919193
T1203645,42525.54529452637
T1203646,64529.5778883012
T1203647,44593.06422483962
T1203648,64161.85208849259
T1203649,42211.92954807145
T1203650,41192.952286071784
T1203651,27735.748858109913
T1203652,36992.161373482086
T1203653,75850.67411584944
T1203654,37244.12823540221
T1203655,32603.279447046458
T1203656,65510.52272714857
T1203657,38975.93136349504
T1203658,46579.76588438261
T1203659,31331.443517246236
T1203660,54162.155496370404
T1203661,42169.55686416035
T1203662,54941.00621158949
T1203663,37943.818666436026
T1203664,43408.90922123114
T1203665,41178.29484107816
T1203666,31971.55464044648
T1203667,46567.900640708096
T1203668,41688.323356989225
T1203669,55787.10266356494
T1203670,28643.823719825476
T1203671,39826.1558219238
T1203672,45710.91045337843
T1203673,28666.476431222356
T1203674,43464.22882753723
T1203675,27876.61767692433
T1203676,44458.709164440756
T1203677,23170.889499676818
T1203678,67378.1782904392
T1203679,64245.171835772715
T1203680,46600.22667731327
T1203681,43118.399708234356
T1203682,44634.02608953945
T1203683,54659.3029557904
T1203684,36817.9968833792
T1203685,35959.48925723134
T1203686,47821.24336309519
T1203687,56347.02747981658
T1203688,29941.26608453843
T1203689,31203.454936802642
T1203690,55550.754528025376
T1203691,29721.47676036591
T1203692,39000.33818321427
T1203693,58468.64843832612
T1203694,66581.86339171267
T1203695,47783.64476004449
T1203696,54868.9321149035
T1203697,35926.58832605459
T1203698,27612.30027691562
T1203699,23711.924355190637
T1203700,68706.3818376636
T1203701,45301.82981772523
T1203702,35952.619443425865
T1203703,57355.532155529865
T1203704,66797.13775868423
T1203705,55876.59969712812
T1203706,68053.94251651708
T1203707,34623.95735523336
T1203708,42851.772375701104
T1203709,48149.274682519455
T1203710,57037.42484505705
T1203711,68266.51786950095
T1203712,44126.33481193295
T1203713,36269.61326836501
T1203714,35836.05465722909
T1203715,54526.789685449556
T1203716,41350.51140586802
T1203717,42466.84509013461
T1203718,78868.56230339441
T1203719,64387.807948276335
T1203720,46746.15871572117
T1203721,34804.73910853827
T1203722,46956.38347380458
T1203723,46946.405171181264
T1203724,72969.75851063193
T1203725,31876.98483961476
T1203726,37650.06578270179
T1203727,54167.23854626382
T1203728,35572.972325290444
T1203729,55234.59317730898
T1203730,28623.449623816094
T1203731,34202.01169078273
T1203732,41319.18695331134
T1203733,66429.8752892178
T1203734,32446.566332115814
T1203735,54561.504206639765
T1203736,44043.15551500383
T1203737,27332.41911505088
T1203738,31041.627142990288
T1203739,56672.2469955328
T1203740,43849.38401062461
T1203741,47372.3261389989
T1203742,55051.88164627832
T1203743,37974.25106897017
T1203744,42882.13903013429
T1203745,41189.793955861984
T1203746,42022.49343816146
T1203747,44084.52863869515
T1203748,29003.464844500606
T1203749,40140.252191907995
T1203750,40538.49011007267
T1203751,36022.08648353533
T1203752,29500.491953332996
T1203753,30981.50981637925
T1203754,33835.48896747365
T1203755,47104.079881918195
T1203756,36406.45696472598
T1203757,33102.874070359256
T1203758,34623.95735523336
T1203759,47372.3261389989
T1203760,35922.40528899767
T1203761,56214.33878926365
T1203762,27272.739138517525
T1203763,35085.311125730215
T1203764,47104.079881918195
T1203765,45443.027578078254
T1203766,26549.872880441166
T1203767,37185.57653169765
T1203768,44413.837557969826
T1203769,36476.07201895721
T1203770,52911.38204065978
T1203771,35713.80816638345
T1203772,62747.906426491354
T1203773,54543.105084911644
T1203774,41084.803308970935
T1203775,37410.14804871609
T1203776,64062.495042494396
T1203777,42511.046352515135
T1203778,42596.163002094254
T1203779,36689.11684281156
T1203780,35027.34297971964
T1203781,63977.74923600213
T1203782,32092.334889451737
T1203783,36302.681114328596
T1203784,46285.74472125338
T1203785,64601.3953150133
T1203786,28634.466707386982
T1203787,55203.2602066635
T1203788,29461.67289309707
T1203789,64387.807948276335
T1203790,29900.870328863082
T1203791,35889.52243846013
T1203792,23212.43541895838
T1203793,47375.54449554209
T1203794,36239.3563234158
T1203795,42022.49343816146
T1203796,29155.072475402038
T1203797,47046.81531773321
T1203798,57916.15871621922
T1203799,44763.49986468442
T1203800,34924.3462889088
T1203801,34281.28585804972
T1203802,56186.659777665904
T1203803,32879.66412765454
T1203804,27365.987106333167
T1203805,54561.504206639765
T1203806,37072.02699010315
T1203807,64666.9915539481
T1203808,53226.70287073186
T1203809,36926.73378426796
T1203810,32253.88681610729
T1203811,32473.688350015957
T1203812,47775.20175349351
T1203813,43889.90230580246
T1203814,55683.823411777994
T1203815,57081.87369218707
T1203816,45310.11358557305
T1203817,28032.98502209684
T1203818,34947.89107015739
T1203819,63812.68675950563
T1203820,35572.972325290444
T1203821,43319.04329386322
T1203822,66325.60569894829
T1203823,43375.35149089934
T1203824,41704.41257674177
T1203825,43464.22882753723
T1203826,66221.39269660536
T1203827,39053.9023245307
T1203828,41233.089266782445
T1203829,47018.569209112946
T1203830,54924.23632370428
T1203831,56148.00932445827
T1203832,31665.826950201033
T1203833,64245.171835772715
T1203834,41896.50399244856
T1203835,38865.756797861875
T1203836,27456.52839821854
T1203837,42125.311759482465
T1203838,34371.71924672866
T1203839,41946.765818651846
T1203840,56293.2389535243
T1203841,65490.14044599241
T1203842,43548.0234080696
T1203843,28677.34508825569
T1203844,40729.79270672327
T1203845,35157.1937228618
T1203846,43027.33595398829
T1203847,42958.73383330516
T1203848,32163.983047158486
T1203849,36476.95850325796
T1203850,54989.6024557639
T1203851,43729.81321830803
T1203852,68053.94251651708
T1203853,38865.756797861875
T1203854,55778.050628814846
T1203855,27800.547943320034
T1203856,80783.57350399533
T1203857,47157.10861578683
T1203858,41778.90410246216
T1203859,44388.76544055123
T1203860,63321.044412533935
T1203861,65029.164905793754
T1203862,53587.12924347111
T1203863,29197.993453474803
T1203864,47942.752168529165
T1203865,30680.789103706546
T1203866,36269.61326836501
T1203867,53560.31363875519
T1203868,43438.32998117958
T1203869,65279.8584261909
T1203870,39754.898692896626
T1203871,55548.832315252286
T1203872,66304.15939255098
T1203873,29581.198272936836
T1203874,45171.54521029996
T1203875,56684.67653033533
T1203876,38477.50620130597
T1203877,44000.66570233976
T1203878,27438.82076160809
T1203879,54185.92032222544
T1203880,56175.83140801811
T1203881,60874.51036356077
T1203882,43587.63158154201
T1203883,53515.160237787386
T1203884,36738.178087094406
T1203885,53107.36100260049
T1203886,34241.144456175614
T1203887,33878.484863983
T1203888,34485.93603970799
T1203889,37706.696275723385
T1203890,42485.82475561576
T1203891,55180.136697279595
T1203892,36371.947173489236
T1203893,42022.49343816146
T1203894,40009.68395237505
T1203895,57916.15871621922
T1203896,43192.52459857043
T1203897,28534.6495892348
T1203898,35572.972325290444
T1203899,39926.57379508194
T1203900,31798.28838206478
T1203901,30323.384297165932
T1203902,28953.36303971193
T1203903,54777.402442791295
T1203904,56296.34720523662
T1203905,44526.741192239795
T1203906,42522.751548022185
T1203907,43719.59087305957
T1203908,40806.75267506872
T1203909,42596.163002094254
T1203910,45874.796168521236
T1203911,43849.38401062461
T1203912,47789.32185037375
T1203913,43320.87952230875
T1203914,56527.166906662496
T1203915,51999.6099256658
T1203916,56480.19080204419
T1203917,64003.10827195254
T1203918,34043.69720555262
T1203919,47783.64476004449
T1203920,37354.72529291531
T1203921,67081.66362119067
T1203922,29923.324317154096
T1203923,58041.098772843005
T1203924,43917.96200530418
T1203925,31149.760043827282
T1203926,40407.81807953989
T1203927,34055.61033626606
T1203928,54465.444728557486
T1203929,35704.84185415799
T1203930,34555.700394082116
T1203931,44373.61066670017
T1203932,43191.78873577617
T1203933,35576.5083761179
T1203934,28501.17957739284
T1203935,54261.337504608244
T1203936,41554.07761651715
T1203937,35032.01425464728
T1203938,39113.46883543795
T1203939,43849.38401062461
T1203940,68272.05939974358
T1203941,27366.73429249273
T1203942,31222.6432434996
T1203943,57071.768582911
T1203944,35261.120122173095
T1203945,32768.899941603595
T1203946,35096.44151849345
T1203947,29051.640277927523
T1203948,43387.68586001277
T1203949,44703.82787942436
T1203950,68618.46278455852
T1203951,40223.41214314476
T1203952,35836.05465722909
T1203953,32608.42214088285
T1203954,53390.858716656156
T1203955,54322.74634845559
T1203956,32943.92414773721
T1203957,44100.58461004943
T1203958,56293.2389535243
T1203959,46570.965858631294
T1203960,35564.50538158471
T1203961,37667.769306406015
T1203962,23040.314679212395
T1203963,35572.972325290444
T1203964,47540.50924469373
T1203965,63977.74923600213
T1203966,40987.98921377988
T1203967,68178.89916563663
T1203968,44874.86201327725
T1203969,38167.07816478462
T1203970,66681.67077162057
T1203971,36126.316782546564
T1203972,44621.785733398836
T1203973,63615.58125911702
T1203974,53388.68717331756
T1203975,23624.719829075
T1203976,56283.340940674454
T1203977,30521.760883184757
T1203978,48300.86046641851
T1203979,43976.54533537424
T1203980,43001.600814739315
T1203981,48335.04147092065
T1203982,39097.93962009398
T1203983,75148.69109899901
T1203984,43529.65167539241
T1203985,43001.600814739315
T1203986,35713.80816638345
T1203987,66370.0714213315
T1203988,29121.77850883472
T1203989,32784.78018128771
T1203990,37664.25188966359
T1203991,31702.068314719938
T1203992,42679.60770275166
T1203993,32476.839470302693
T1203994,34877.3825584092
T1203995,62172.148598494765
T1203996,40547.62998542598
T1203997,31872.246650106903
T1203998,43424.87206562582
T1203999,54465.444728557486
T1204000,47695.32313501286
T1204001,39997.994591497874
T1204002,43116.726827082806
T1204003,39287.22862688815
T1204004,34178.09516081115
T1204005,66304.15939255098
T1204006,40536.63622913273
T1204007,64840.2184875197
T1204008,29203.939441761686
T1204009,36738.178087094406
T1204010,40140.252191907995
T1204011,28898.044969102688
T1204012,65561.70600419995
T1204013,56518.95372425464
T1204014,37640.03781775191
T1204015,54234.01350814187
T1204016,39051.71313823028
T1204017,37463.63524223349
T1204018,37974.25106897017
T1204019,34663.23429681867
T1204020,57270.94204699048
T1204021,64555.64925427628
T1204022,40433.93166784291
T1204023,66370.0714213315
T1204024,37667.769306406015
T1204025,45596.088127623516
T1204026,55055.69622380624
T1204027,67378.1782904392
T1204028,42907.64983901867
T1204029,29765.327190420696
T1204030,42800.61480043443
T1204031,54615.52641897189
T1204032,34421.85676855147
T1204033,56731.20614501569
T1204034,76796.72884003584
T1204035,42413.47994357902
T1204036,36303.265156786234
T1204037,64494.81444935785
T1204038,54858.37130085585
T1204039,23768.51633296713
T1204040,32336.3183738663
T1204041,48464.47624872758
T1204042,37054.52621294356
T1204043,35128.263133410335
T1204044,39352.28593525347
T1204045,39189.54839535648
T1204046,39208.155074808084
T1204047,43984.27546056535
T1204048,45889.61015746464
T1204049,35849.97615354146
T1204050,36068.12931427904
T1204051,48771.59324080946
T1204052,45708.79921308892
T1204053,27504.269607921033
T1204054,32417.580082396908
T1204055,31194.324138644926
T1204056,29102.158814432198
T1204057,31703.205971100368
T1204058,36200.94042818288
T1204059,47351.44149665486
T1204060,32571.022101554296
T1204061,35330.46803552941
T1204062,39356.54468323013
T1204063,35552.11844856009
T1204064,68975.61138356262
T1204065,44638.211928264485
T1204066,43330.55026181323
T1204067,27838.613062828823
T1204068,47712.2492749154
T1204069,32672.733179029965
T1204070,36574.42403737094
T1204071,38665.32599039514
T1204072,44790.39959793786
T1204073,44765.21446280845
T1204074,40583.74993642624
T1204075,35425.84717873657
T1204076,55136.56863889867
T1204077,37620.2345816859
T1204078,26568.486653005653
T1204079,35806.200846692314
T1204080,66360.35970791758
T1204081,27420.543282630333
T1204082,36089.63007982047
T1204083,54059.82978614616
T1204084,67872.13925731492
T1204085,56006.13611710408
T1204086,29784.178392617323
T1204087,37210.709329693156
T1204088,37491.076539085174
T1204089,36690.58522967191
T1204090,63365.36203573928
T1204091,37604.84748113071
T1204092,36457.662514764925
T1204093,57259.61772502262
T1204094,55427.70390699692
T1204095,28765.503301823246
T1204096,53920.19204470638
T1204097,45413.88853856841
T1204098,27173.65940325995
T1204099,62571.609910823194
T1204100,35928.46641186561
T1204101,47407.6695719483
T1204102,35928.46641186561
T1204103,22899.24190665862
T1204104,33144.34412670116
T1204105,56725.48261928472
T1204106,33611.01835189872
T1204107,56452.20993109798
T1204108,36115.07497742511
T1204109,31706.622979323827
T1204110,35885.23719256358
T1204111,47104.5346069228
T1204112,31666.963913675696
T1204113,42959.63954828018
T1204114,23160.716357932277
T1204115,66138.14694244336
T1204116,46056.64877443769
T1204117,40620.73174215366
T1204118,53887.394257340675
T1204119,23887.432711286518
T1204120,23921.633176310817
T1204121,35212.61716910598
T1204122,33847.92909268472
T1204123,43705.49058481885
T1204124,27867.518363790427
T1204125,55972.17043569221
T1204126,28669.38774736661
T1204127,23042.241341697685
T1204128,29215.960003775366
T1204129,32705.97063499591
T1204130,45194.20946781415
T1204131,31500.182850504556
T1204132,30194.083225974024
T1204133,45523.23531163752
T1204134,27390.469864627517
T1204135,55476.74719224913
T1204136,61119.083674898124
T1204137,54705.39888063196
T1204138,36435.941252735254
T1204139,54252.763544259804
T1204140,36014.416591219546
T1204141,43949.031720657724
T1204142,35824.36850577233
T1204143,44654.37498834741
T1204144,42218.518877126226
T1204145,56940.8111562395
T1204146,68147.33833950367
T1204147,35281.91005397318
T1204148,36406.495874821645
T1204149,54387.06075840323
T1204150,48035.8820161441
T1204151,32965.728696577506
T1204152,41200.18911501552
T1204153,65226.71359583641
T1204154,36068.025904222224
T1204155,36105.18984915742
T1204156,45545.22989737714
T1204157,35120.61579623802
T1204158,53994.21294370821
T1204159,39059.856533206344
T1204160,54311.87155987762
T1204161,32394.321547532472
T1204162,32645.37123152968
T1204163,36728.226458728874
T1204164,45333.334700358864
T1204165,55210.09605286871
T1204166,36129.11466538183
T1204167,47794.077521986925
T1204168,53850.19141374386
T1204169,42058.71056311987
T1204170,34953.38976750176
T1204171,45315.39553035692
T1204172,29924.586751128038
T1204173,27414.392309885097
T1204174,35806.200846692314
T1204175,54705.39888063196
T1204176,29549.554319920222
T1204177,36126.805877180486
T1204178,40454.85200237295
T1204179,54191.99608888969
T1204180,34593.6973295789
T1204181,35021.196811336464
T1204182,29016.146614552665
T1204183,46540.787904736964
T1204184,35806.200846692314
T1204185,27622.971531939045
T1204186,45209.26177806067
T1204187,43659.73249026852
T1204188,56923.60465727841
T1204189,43654.68074880261
T1204190,38764.881986041735
T1204191,45783.369623147395
T1204192,54750.07288320794
T1204193,43714.687082475204
T1204194,35073.14684573775
T1204195,55197.897839461424
T1204196,36347.441133626926
T1204197,35320.21856357506
T1204198,31318.586187210687
T1204199,38259.62216991064
T1204200,66721.4342142078
T1204201,35582.60353950434
T1204202,56069.93330408698
T1204203,44873.54082480584
T1204204,29474.41998203703
T1204205,47535.008158965175
T1204206,42782.99485866133
T1204207,44437.06549579023
T1204208,56936.34522130156
T1204209,53975.67773010098
T1204210,48310.32463600029
T1204211,65394.433953957305
T1204212,33992.07066476326
T1204213,29030.570318449016
T1204214,36863.88429044946
T1204215,36538.524690143095
T1204216,43236.216962580394
T1204217,66834.93185370485
T1204218,45413.88853856841
T1204219,56765.74152198801
T1204220,36975.485836101936
T1204221,45465.41252068336
T1204222,42779.43760278604
T1204223,48231.39432690035
T1204224,53475.219046780294
T1204225,23170.051473354677
T1204226,30969.49673316246
T1204227,32981.65966575593
T1204228,28108.742396628884
T1204229,57014.32592907573
T1204230,39296.07593665704
T1204231,39960.1332433339
T1204232,45664.79995469272
T1204233,47683.67049932256
T1204234,47391.374790460344
T1204235,56561.1009876282
T1204236,35128.263133410335
T1204237,22443.358708923686
T1204238,43408.24318915201
T1204239,48320.243094794205
T1204240,39116.50734787084
T1204241,23283.65388817398
T1204242,35824.36850577233
T1204243,58061.50536739986
T1204244,30917.514235677045
T1204245,32482.697855439954
T1204246,28349.04113775179
T1204247,30946.658134981102
T1204248,35928.639827975945
T1204249,45678.60444481399
T1204250,32158.052435319034
T1204251,32981.65966575593
T1204252,31795.646362981657
T1204253,34397.07262087258
T1204254,37319.134606398155
T1204255,38914.74327632839
T1204256,36200.94042818288
T1204257,37947.60359634097
T1204258,57846.067330757985
T1204259,35501.61756852585
T1204260,36196.59734084609
T1204261,37054.52621294356
T1204262,45743.722312136255
T1204263,36956.848684261335
T1204264,33201.20710506667
T1204265,31105.738158683158
T1204266,33114.31450944855
T1204267,39735.50693277342
T1204268,36837.79633493983
T1204269,35128.263133410335
T1204270,29005.621298603823
T1204271,33839.78499853836
T1204272,36825.23746120541
T1204273,23863.379047293733
T1204274,35447.05111186648
T1204275,44490.15729357357
T1204276,29708.273210568863
T1204277,40196.380522116364
T1204278,47667.81291444569
T1204279,56765.97147418338
T1204280,66633.68130927366
T1204281,36126.805877180486
T1204282,27414.392309885097
T1204283,56322.3065317805
T1204284,32131.95503550848
T1204285,44994.310616472256
T1204286,36561.67395158774
T1204287,36641.17823903782
T1204288,73072.07639271226
T1204289,35204.960055665506
T1204290,43988.833707442995
T1204291,31797.78608169824
T1204292,41797.40350226168
T1204293,35801.00387236257
T1204294,31347.158905158132
T1204295,57256.704602281316
T1204296,36974.43455942021
T1204297,65322.96573499095
T1204298,31795.646362981657
T1204299,36661.75816128789
T1204300,28984.190532728746
T1204301,32856.44010886446
T1204302,32722.301214085273
T1204303,29177.81165138442
T1204304,68447.873067792
T1204305,32394.321547532472
T1204306,47480.82117559673
T1204307,33454.87634446132
T1204308,22698.890151005355
T1204309,29030.570318449016
T1204310,34723.066580589904
T1204311,31126.348890438985
T1204312,54854.252749813815
T1204313,27660.18550487922
T1204314,67130.8657125877
T1204315,68120.6782399878
T1204316,37311.75522179428
T1204317,31853.619521923003
T1204318,47363.557341236534
T1204319,34445.087594980694
T1204320,36728.226458728874
T1204321,36075.4569915526
T1204322,35928.46641186561
T1204323,32283.251320594154
T1204324,33168.01201875418
T1204325,35801.00387236257
T1204326,58679.81296431918
T1204327,46553.23393816858
T1204328,44703.91047771474
T1204329,67818.27637834736
T1204330,57846.067330757985
T1204331,36863.88429044946
T1204332,47407.6695719483
T1204333,34889.705426929475
T1204334,47729.60597045507
T1204335,30768.870361175726
T1204336,36014.416591219546
T1204337,37661.31851250576
T1204338,56521.36740834604
T1204339,31142.84589704173
T1204340,34723.066580589904
T1204341,30598.674937036994
T1204342,63990.61126621956
T1204343,38259.62216991064
T1204344,35806.200846692314
T1204345,63990.61126621956
T1204346,45051.36015108102
T1204347,54191.99608888969
T1204348,30368.995181597653
T1204349,47563.98165238956
T1204350,29258.92868589914
T1204351,54990.50298259995
T1204352,36538.524690143095
T1204353,31703.205971100368
T1204354,39860.2241929947
T1204355,36641.600222286455
T1204356,53640.89582796005
T1204357,53701.42582249451
T1204358,30778.088251717265
T1204359,33455.57283482973
T1204360,29043.44763182018
T1204361,31105.512820640168
T1204362,57075.22032394838
T1204363,45836.10115367728
T1204364,58492.99159110802
T1204365,57475.805795079716
T1204366,66372.83039141422
T1204367,66273.26958928882
T1204368,66138.14694244336
T1204369,28771.584645914438
T1204370,29249.170130179864
T1204371,55589.43878564461
T1204372,32831.30752224918
T1204373,23385.056218662623
T1204374,36489.987805668905
T1204375,75598.48120167416
T1204376,36435.941252735254
T1204377,29266.36306318387
T1204378,47683.67049932256
T1204379,55570.2759313593
T1204380,31211.99012214194
T1204381,45465.41252068336
T1204382,66203.97103680097
T1204383,28645.270739709522
T1204384,36974.43455942021
T1204385,31923.035811083257
T1204386,29064.183606939478
T1204387,57014.32592907573
T1204388,54733.96247290284
T1204389,38914.74327632839
T1204390,64467.1246966525
T1204391,39402.962959972465
T1204392,37426.11351588877
T1204393,47042.16539096556
T1204394,36803.29942363747
T1204395,54947.90808273991
T1204396,47505.70463421894
T1204397,48315.47754609489
T1204398,30294.05294686272
T1204399,23794.31596200659
T1204400,56623.47136685925
T1204401,29666.184787872444
T1204402,36007.43669656628
T1204403,56869.44068610492
T1204404,38914.74327632839
T1204405,37947.60359634097
T1204406,37654.17037687585
T1204407,47407.6695719483
T1204408,23780.724185310326
T1204409,45651.49572026232
T1204410,54652.35085307447
T1204411,35275.006142737264
T1204412,36554.63775987049
T1204413,36830.73188765571
T1204414,66282.92391989422
T1204415,56552.313100545485
T1204416,35799.242476338986
T1204417,47535.008158965175
T1204418,56721.38237216693
T1204419,22899.24190665862
T1204420,45662.26611448849
T1204421,35121.37525332062
T1204422,28999.401427493453
T1204423,54648.266595115725
T1204424,36122.12293865593
T1204425,30963.055978398275
T1204426,36967.356166576166
T1204427,55899.32730892031
T1204428,37304.64250411279
T1204429,43236.216962580394
T1204430,54797.037692727434
T1204431,31660.446296428592
T1204432,47046.30538140447
T1204433,66071.7950242337
T1204434,45137.25060638099
T1204435,44581.62749739257
T1204436,43949.031720657724
T1204437,33448.861647781196
T1204438,36189.59866091514
T1204439,35073.14684573775
T1204440,45833.562254976605
T1204441,54135.15009643624
T1204442,53937.47758070051
T1204443,28771.584645914438
T1204444,56765.74152198801
T1204445,36399.47560623328
T1204446,31099.28232672248
T1204447,35794.04603999355
T1204448,35323.55906465944
T1204449,55566.22037534695
T1204450,69044.49457419493
T1204451,35921.49539524409
T1204452,36296.25549847916
T1204453,36193.94130096127
T1204454,23794.31596200659
T1204455,36482.95896587557
T1204456,37047.439656985975
T1204457,43654.68074880261
T1204458,30287.687402472937
T1204459,36061.14387651684
T1204460,54676.81429618427
T1204461,39402.962959972465
T1204462,30940.219910688196
T1204463,56923.60465727841
T1204464,38764.881986041735
T1204465,34390.261484569404
T1204466,35921.66879343182
T1204467,39352.28593525347
T1204468,36193.94130096127
T1204469,64429.346047618485
T1204470,47683.67049932256
T1204471,37483.945633188196
T1204472,29217.180659532132
T1204473,53584.358564275564
T1204474,35878.270644959004
T1204475,26528.830069968004
T1204476,44765.21446280845
T1204477,31062.38101992036
T1204478,38665.32599039514
T1204479,35799.242476338986
T1204480,57201.07940073028
T1204481,23160.716357932277
T1204482,58607.28931314057
T1204483,36115.07497742511
T1204484,34882.842502450105
T1204485,32959.07003108148
T1204486,47407.6695719483
T1204487,31696.684381628937
T1204488,62496.56198414642
T1204489,31136.385963892855
T1204490,53863.498133767265
T1204491,36531.49087181015
T1204492,48315.47754609489
T1204493,38914.74327632839
T1204494,45152.29280982841
T1204495,29060.530121560143
T1204496,68380.2965165444
T1204497,33843.922266560825
T1204498,36721.17321183037
T1204499,22698.890151005355
T1204500,27619.668865767064
T1204501,29174.244655456387
T1204502,27861.429705461174
T1204503,68042.15472988258
T1204504,33852.06689101326
T1204505,57185.123443681696
T1204506,23887.432711286518
T1204507,54254.958607240755
T1204508,45347.61135405465
T1204509,55152.683550159876
T1204510,47667.81291444569
T1204511,56653.36864276178
T1204512,27374.06790615691
T1204513,39059.856533206344
T1204514,36634.133901464775
T1204515,31791.254135982734
T1204516,47712.2492749154
T1204517,61044.969053840396
T1204518,36119.81438845229
T1204519,45520.70565851038
T1204520,54195.883599607645
T1204521,37047.439656985975
T1204522,36949.772084913566
T1204523,36098.20058902731
T1204524,35799.242476338986
T1204525,35575.66834875703
T1204526,44434.56817314422
T1204527,53457.07057837147
T1204528,39960.1332433339
T1204529,66768.20841911693
T1204530,56942.906378820786
T1204531,36531.49087181015
T1204532,23170.051473354677
T1204533,30911.079241737974
T1204534,43408.24318915201
T1204535,44490.15729357357
T1204536,44703.91047771474
T1204537,23283.65388817398
T1204538,44873.54082480584
T1204539,54135.15009643624
T1204540,53831.97526684233
T1204541,31789.114651399774
T1204542,31312.10686199325
T1204543,54003.05769958233
T1204544,30762.451865333056
T1204545,37203.606878898405
T1204546,23863.379047293733
T1204547,28724.13189128684
T1204548,45381.880793593
T1204549,47363.557341236534
T1204550,56936.34522130156
T1204551,35921.49539524409
T1204552,34716.22113559577
T1204553,35921.49539524409
T1204554,33137.666267911714
T1204555,36683.53583411503
T1204556,33604.29057306275
T1204557,31847.081469366596
T1204558,39208.155074808084
T1204559,31700.101015448858
T1204560,37597.705056740306
T1204561,44790.39959793786
T1204562,36567.386538747625
T1204563,28988.996218755095
T1204564,33448.16523183506
T1204565,55079.19688524992
T1204566,47480.82117559673
T1204567,37613.09060071267
T1204568,32715.668784749567
T1204569,63289.80836910702
T1204570,67804.86613384415
T1204571,36082.64242427819
T1204572,42959.63954828018
T1204573,35440.13000654921
T1204574,54858.37130085585
T1204575,32329.727732744017
T1204576,36721.17321183037
T1204577,35799.242476338986
T1204578,28974.583521944915
T1204579,35014.320121666555
T1204580,41797.40350226168
T1204581,40620.73174215366
T1204582,43330.55026181323
T1204583,43988.833707442995
T1204584,56318.221833462696
T1204585,35198.064169118275
T1204586,45780.832280657545
T1204587,31696.684381628937
T1204588,73047.03028181086
T1204589,35121.37525332062
T1204590,48464.47624872758
T1204591,43984.27546056535
T1204592,27463.874817917334
T1204593,39116.50734787084
T1204594,47351.44149665486
T1204595,48771.59324080946
T1204596,66567.06499210958
T1204597,48310.32463600029
T1204598,36119.81438845229
T1204599,44937.486125604126
T1204600,45832.186002679766
T1204601,39189.54839535648
T1204602,35843.013253070356
T1204603,56002.063648568044
T1204604,43949.031720657724
T1204605,36968.40733605601
T1204606,65257.05079002323
T1204607,54890.64100152881
T1204608,30555.919031785867
T1204609,31205.52255318433
T1204610,55585.382484762995
T1204611,32824.66333317933
T1204612,29207.42952330815
T1204613,28342.896664300646
T1204614,58061.50536739986
T1204615,64401.671271516345
T1204616,56942.906378820786
T1204617,39735.50693277342
T1204618,66137.5839440788
T1204619,23385.056218662623
T1204620,33107.639874134285
T1204621,45408.27180173416
T1204622,36796.2385009945
T1204623,75572.97747204851
T1204624,56521.36740834604
T1204625,36068.47079787924
T1204626,32135.979746314006
T1204627,33194.523146160085
T1204628,29022.583866024535
T1204629,35121.37525332062
T1204630,32151.481172721746
T1204631,57774.094537384226
T1204632,32974.999286411425
T1204633,37312.02113943503
T1204634,32974.999286411425
T1204635,54648.266595115725
T1204636,38259.62216991064
T1204637,34716.22113559577
T1204638,36818.1742969162
T1204639,45408.27180173416
T1204640,45051.36015108102
T1204641,47505.45050730632
T1204642,42779.43760278604
T1204643,54892.552512306305
T1204644,35817.40825501228
T1204645,53683.23649974954
T1204646,66306.35313975041
T1204647,63925.41604636451
T1204648,30735.198954536976
T1204649,57016.78251154592
T1204650,39860.2241929947
T1204651,36634.55584149987
T1204652,31303.8488960345
T1204653,32276.666442932994
T1204654,33161.33162033914
T1204655,36856.817178713754
T1204656,22443.358708923686
T1204657,57774.094537384226
T1204658,56448.714900944426
T1204659,47683.67049932256
T1204660,63925.41604636451
T1204661,39296.07593665704
T1204662,47729.60597045507
T1204663,47391.374790460344
T1204664,66071.7950242337
T1204665,66206.84548305882
T1204666,34620.82494708959
T1204667,27797.957374776033
T1204668,54368.74809455533
T1204669,29224.60938518603
T1204670,38259.62216991064
T1204671,42058.71056311987
T1204672,66643.77422488698
T1204673,32699.339968998906
T1204674,55140.49209527476
T1204675,55914.33707371713
T1204676,37418.98919435994
T1204677,34472.15308928174
T1204678,45621.32112381395
T1204679,40196.86218205784
T1204680,65160.85041407865
T1204681,31789.114651399774
T1204682,43659.73249026852
T1204683,42218.518877126226
T1204684,67960.7713058609
T1204685,32387.72461190478
T1204686,27374.06790615691
T1204687,48035.8820161441
T1204688,35494.69079011494
T1204689,41200.18911501552
T1204690,45488.03575282361
T1204691,35113.72871490808
T1204692,35313.31066040665
T1204693,32476.091339331164
T1204694,44597.77964198152
T1204695,45686.39549645309
T1204696,45258.35534372959
T1204697,23921.633176310817
T1204698,29432.508409872138
T1204699,28645.270739709522
T1204700,27420.543282630333
T1204701,30326.410575461152
T1204702,40583.74993642624
T1204703,35418.928279022926
T1204704,58420.591053648044
T1204705,57475.805795079716
T1204706,29001.863707288172
T1204707,36450.63699236789
T1204708,46540.787904736964
T1204709,55419.18712320032
T1204710,67751.03170353625
T1204711,32564.406022770952
T1204712,56452.20993109798
T1204713,27133.524059553885
T1204714,45428.178698075266
T1204715,47505.70463421894
T1204716,35545.18642336979
T1204717,32410.980624232205
T1204718,39356.54468323013
T1204719,47042.16539096556
T1204720,46054.103375993385
T1204721,31916.4901730191
T1204722,31187.858519843554
T1204723,43714.687082475204
T1204724,36428.91796026389
T1204725,34946.52017319806
T1204726,29549.554319920222
T1204727,65328.48059732007
T1204728,48231.39432690035
T1204729,32666.10610320915
T1204730,30187.72887947794
T1204731,45428.178698075266
T1204732,36340.42693309176
T1204733,31456.760321604
T1204734,27350.16421362486
T1204735,40454.85200237295
T1204736,27616.911392510232
T1204737,56069.93330408698
T1204738,35794.04603999355
T1204739,53918.95274441071
T1204740,36967.356166576166
T1204741,48320.243094794205
T1204742,31083.201698170877
T1204743,28102.62572125657
T1204744,36428.91796026389
T1204745,28984.190532728746
T1204746,47791.48141997702
T1204747,32849.79321105002
T1204748,36061.040477128154
T1204749,53887.394257340675
T1204750,28988.996218755095
T1204751,40196.380522116364
T1204752,28669.38774736661
T1204753,32387.72461190478
T1204754,35817.40825501228
T1204755,36007.43669656628
T1204756,29882.33532050637
T1204757,23768.51633296713
T1204758,42782.99485866133
T1204759,36856.817178713754
T1204760,43705.49058481885
T1204761,29136.125334037708
T1204762,35205.72048367383
T1204763,23042.241341697685
T1204764,33996.21783908279
T1204765,67063.9850379334
T1204766,36433.35600329041
T1204767,28610.94400434331
T1204768,54539.14738070872
T1204769,32892.17140685946
T1204770,36021.91110759201
T1204771,65373.7401557274
T1204772,36111.61131399862
T1204773,56872.77593453685
T1204774,26148.799007088255
T1204775,32456.239275379146
T1204776,36294.83250889951
T1204777,27653.7075521316
T1204778,46432.08328807398
T1204779,31893.481087166994
T1204780,29103.150935011254
T1204781,35277.80485575367
T1204782,30240.261082867808
T1204783,38145.0419536427
T1204784,22743.977855040208
T1204785,28457.55089726841
T1204786,22775.497999816158
T1204787,30007.980400097487
T1204788,36283.39838964673
T1204789,32619.643429619544
T1204790,23353.330009690915
T1204791,35066.443017543694
T1204792,45099.25925327623
T1204793,66054.35825486844
T1204794,27457.02472584469
T1204795,32055.605233581588
T1204796,64100.79709545343
T1204797,22301.472412350184
T1204798,30587.8633627378
T1204799,31388.852446432276
T1204800,57376.54483274687
T1204801,46319.13784081832
T1204802,44673.07635886848
T1204803,66488.10490661302
T1204804,22915.368407422047
T1204805,28697.735719155506
T1204806,44201.59851216802
T1204807,34651.70906389266
T1204808,30843.34156717239
T1204809,28372.61908035985
T1204810,53633.65312334218
T1204811,34948.9950607062
T1204812,36010.161550076606
T1204813,22734.057406543707
T1204814,35443.54552665753
T1204815,22869.672786872063
T1204816,37267.34658323712
T1204817,38636.568895942575
T1204818,55723.82915507997
T1204819,38374.56455433282
T1204820,21934.931579523294
T1204821,30565.175129343726
T1204822,46975.57524470483
T1204823,23436.764325227763
T1204824,36187.15078379628
T1204825,28291.489862140428
T1204826,43888.45974603339
T1204827,35839.24829741935
T1204828,22627.471284179752
T1204829,27184.535461059953
T1204830,44394.623098442265
T1204831,30905.289069179875
T1204832,35801.10511596233
T1204833,30900.561207708386
T1204834,47023.306464539564
T1204835,44490.03383111213
T1204836,55590.89203439606
T1204837,39915.98566336398
T1204838,52948.838424373855
T1204839,44294.73986935849
T1204840,46010.46274112007
T1204841,44536.510813949164
T1204842,65336.70613222086
T1204843,28669.11399676591
T1204844,43584.53780122236
T1204845,35159.40840162849
T1204846,35494.107740519175
T1204847,53723.3266826982
T1204848,35334.35393456448
T1204849,23452.750037412632
T1204850,35588.992222631416
T1204851,34719.109969560115
T1204852,56043.88074710174
T1204853,64802.92048406349
T1204854,23271.621637054817
T1204855,35585.29917354329
T1204856,46583.47784948448
T1204857,35912.99925699984
T1204858,54645.255194866644
T1204859,55525.30523977731
T1204860,34899.08283534982
T1204861,26855.030173550487
T1204862,35075.345528535334
T1204863,32184.92707242082
T1204864,34424.46498790904
T1204865,45129.96655198077
T1204866,23375.063897536173
T1204867,64197.654916391206
T1204868,53723.3266826982
T1204869,38673.80769812259
T1204870,43812.85020288298
T1204871,35419.58473859547
T1204872,36030.55195335318
T1204873,54998.942137459184
T1204874,63986.78870258793
T1204875,64838.117511138684
T1204876,67135.7173860234
T1204877,31952.371869726965
T1204878,34933.33349973194
T1204879,47072.27398649498
T1204880,34625.00553323414
T1204881,27565.788288385425
T1204882,35605.490155968226
T1204883,38102.86332220328
T1204884,44955.897549393485
T1204885,39322.002231238694
T1204886,35334.35393456448
T1204887,39203.742255659025
T1204888,46975.57524470483
T1204889,36321.74136189534
T1204890,36116.62698279711
T1204891,66879.08668776562
T1204892,57599.370898843066
T1204893,53358.79773319925
T1204894,62914.18345929277
T1204895,36708.176111003755
T1204896,30847.550950970937
T1204897,47244.632779329615
T1204898,37592.41391621986
T1204899,54189.956828921146
T1204900,35301.59403822727
T1204901,35428.107193340504
T1204902,35908.45407347992
T1204903,22913.017061308645
T1204904,36261.63290407657
T1204905,53464.39108828995
T1204906,36336.477786016796
T1204907,55313.037913327025
T1204908,34620.36324553656
T1204909,31738.380914801877
T1204910,33962.202913004076
T1204911,44456.25923437011
T1204912,28691.84485370688
T1204913,44837.748178526665
T1204914,35400.45610187066
T1204915,36350.963125653216
T1204916,27175.43552796182
T1204917,46350.156906298806
T1204918,35588.992222631416
T1204919,47310.78393726616
T1204920,38286.62461432281
T1204921,34845.560014948715
T1204922,38677.55717952017
T1204923,38857.82902116396
T1204924,62988.89835575107
T1204925,28642.51416370408
T1204926,38305.001733730016
T1204927,31455.070984364527
T1204928,32456.239275379146
T1204929,44861.284096438
T1204930,36149.80601376541
T1204931,35477.29442470813
T1204932,33091.023655647085
T1204933,34410.61208284853
T1204934,31220.351601483046
T1204935,37115.67990836637
T1204936,35944.022425320516
T1204937,53959.6607699943
T1204938,36960.773127735316
T1204939,38000.239074332145
T1204940,56930.05290620087
T1204941,52684.66328108601
T1204942,36686.69102274621
T1204943,35428.107193340504
T1204944,37592.41391621986
T1204945,31350.799552648034
T1204946,46976.45201843207
T1204947,44479.93125010925
T1204948,26249.15850828926
T1204949,35350.20137069954
T1204950,45100.38671164053
T1204951,56315.04399342957
T1204952,22734.73457834465
T1204953,31484.337693724265
T1204954,31927.769433851565
T1204955,32440.444008174803
T1204956,47684.35536028063
T1204957,46486.43426454912
T1204958,52481.89272554377
T1204959,60893.56473997647
T1204960,35964.29508337734
T1204961,44835.11723405088
T1204962,31455.070984364527
T1204963,28409.00302914156
T1204964,67169.64040951493
T1204965,36913.13093143994
T1204966,35787.982155556
T1204967,55747.00753228657
T1204968,29656.222752803213
T1204969,27086.132622616293
T1204970,23259.55370821278
T1204971,35075.345528535334
T1204972,28462.930521165155
T1204973,34620.36324553656
T1204974,28162.62439766905
T1204975,35801.10511596233
T1204976,35428.107193340504
T1204977,23345.08125275562
T1204978,38705.07244393761
T1204979,53903.601992315445
T1204980,31889.05752284622
T1204981,29732.463915293843
T1204982,35972.93276485158
T1204983,30394.645392496474
T1204984,46035.91490883691
T1204985,44777.97592979
T1204986,53920.06009209691
T1204987,47145.39610042234
T1204988,56094.88072614189
T1204989,30770.49283552183
T1204990,38691.603776203134
T1204991,35530.84262201575
T1204992,45871.99992941249
T1204993,62481.99675985584
T1204994,72702.79891729911
T1204995,34554.64288390534
T1204996,47341.77228755029
T1204997,30651.95366857822
T1204998,36799.610822076414
T1204999,35310.55299399235
T1205000,52387.830633490354
T1205001,36942.495778405144
T1205002,53064.85064411931
T1205003,32635.259688657017
T1205004,44480.93493922868
T1205005,30711.729686815608
T1205006,35334.35393456448
T1205007,26908.2814396695
T1205008,34785.095355198115
T1205009,54020.28935404063
T1205010,52948.838424373855
T1205011,34554.64288390534
T1205012,45690.03943613504
T1205013,44586.155005312416
T1205014,28862.148561011225
T1205015,44466.01229267583
T1205016,38422.335624804655
T1205017,34343.43759962778
T1205018,53064.85064411931
T1205019,53561.93556268905
T1205020,35942.24386200906
T1205021,31401.646831206046
T1205022,65028.678580372
T1205023,45118.89715249103
T1205024,30898.768725437476
T1205025,32008.482982850317
T1205026,31418.980333254556
T1205027,44536.510813949164
T1205028,55244.67213978106
T1205029,32051.129060607836
T1205030,35537.20581203217
T1205031,32409.19512775588
T1205032,36295.873448901155
T1205033,22487.3306140365
T1205034,43087.33846417868
T1205035,40047.403567659545
T1205036,39635.04014297986
T1205037,35795.93696729431
T1205038,22734.73457834465
T1205039,35419.58473859547
T1205040,35908.45407347992
T1205041,65760.96428884179
T1205042,28553.89992416232
T1205043,34184.08993196128
T1205044,38636.568895942575
T1205045,45153.57949986579
T1205046,44086.5892364019
T1205047,27024.72236616265
T1205048,35847.804488377566
T1205049,43648.87787584769
T1205050,59653.19899464838
T1205051,35366.49114254267
T1205052,53124.941753639
T1205053,35211.43587624583
T1205054,36321.74136189534
T1205055,28649.321934181622
T1205056,32840.16031264155
T1205057,34704.065811566164
T1205058,52317.7337687506
T1205059,44920.25408371956
T1205060,45691.4783617491
T1205061,41689.00486663226
T1205062,53211.64932660975
T1205063,54294.389496164615
T1205064,38188.68742874044
T1205065,29692.21850149618
T1205066,65028.678580372
T1205067,35334.35393456448
T1205068,35588.992222631416
T1205069,44837.748178526665
T1205070,32705.842637187066
T1205071,35366.49114254267
T1205072,46791.22972919865
T1205073,54922.292591619684
T1205074,35605.490155968226
T1205075,36799.610822076414
T1205076,38197.38156968705
T1205077,34273.38044553934
T1205078,27086.132622616293
T1205079,39034.21599984869
T1205080,56002.02674011396
T1205081,48946.43187960346
T1205082,28925.72080028587
T1205083,47321.867539999344
T1205084,28462.930521165155
T1205085,62129.598732208004
T1205086,56242.1058654952
T1205087,36778.72745213638
T1205088,27330.357065052405
T1205089,28284.087669750275
T1205090,46380.44686027475
T1205091,43259.39929801196
T1205092,31401.646831206046
T1205093,32959.77393786337
T1205094,34620.36324553656
T1205095,35532.07336501568
T1205096,28499.12254124121
T1205097,36311.32269081216
T1205098,32055.605233581588
T1205099,35702.498110430904
T1205100,37231.69033738576
T1205101,57376.54483274687
T1205102,55629.95428908246
T1205103,32187.048950624525
T1205104,36294.83250889951
T1205105,30387.233030110456
T1205106,43223.94439478391
T1205107,35171.45578436826
T1205108,21938.806296659743
T1205109,66879.08668776562
T1205110,65237.9765127277
T1205111,32345.921433096017
T1205112,34159.91494208441
T1205113,55458.04146678417
T1205114,34273.38044553934
T1205115,36187.15078379628
T1205116,34708.71407395318
T1205117,36350.963125653216
T1205118,35235.20121352623
T1205119,46671.41794264343
T1205120,44887.26434337468
T1205121,56002.02674011396
T1205122,32641.006523599426
T1205123,32120.33900088703
T1205124,46486.43426454912
T1205125,60893.56473997647
T1205126,38197.38156968705
T1205127,32309.32146737904
T1205128,30637.050862094427
T1205129,30862.387916396237
T1205130,65093.91233664141
T1205131,32363.011198568776
T1205132,39065.74945709144
T1205133,46305.54262861953
T1205134,64895.55738553435
T1205135,34740.90892746354
T1205136,32165.531254604535
T1205137,22635.3241504586
T1205138,54444.428560306886
T1205139,34456.109261829944
T1205140,30719.801292174532
T1205141,33970.66790554637
T1205142,42431.05950639559
T1205143,33831.43134698594
T1205144,37036.21214002656
T1205145,34688.359842554986
T1205146,33996.04996859609
T1205147,34941.214805644704
T1205148,35129.145016627976
T1205149,27657.548907289856
T1205150,30252.49689178155
T1205151,35538.49810831476
T1205152,21922.613224354653
T1205153,35033.61130731214
T1205154,62977.48799327346
T1205155,35208.012529228916
T1205156,23466.958261891188
T1205157,23371.180467455666
T1205158,43000.79722358243
T1205159,35584.287864080696
T1205160,35033.61130731214
T1205161,26614.3015364582
T1205162,32481.696761280124
T1205163,34495.65427329704
T1205164,38820.47082817871
T1205165,44160.75033199379
T1205166,64188.46717912382
T1205167,35053.615093792214
T1205168,38065.227426051286
T1205169,37653.52980159514
T1205170,60468.82591023286
T1205171,30431.656177589797
T1205172,31627.159927501707
T1205173,31434.42539740572
T1205174,54104.45151405603
T1205175,34594.43142164972
T1205176,34465.640918085686
T1205177,31819.440952959147
T1205178,43693.63973830166
T1205179,34206.9507404818
T1205180,26409.19599572939
T1205181,31441.474968633982
T1205182,53693.59001536466
T1205183,35177.64855293829
T1205184,34910.151227874776
T1205185,35360.124876487615
T1205186,52729.00262853494
T1205187,22490.9073898679
T1205188,33373.04288570349
T1205189,33523.60824802294
T1205190,23389.247038200716
T1205191,44508.14460920679
T1205192,63073.438311171034
T1205193,44951.318876686244
T1205194,40981.51266133024
T1205195,31345.17334958216
T1205196,34335.22024875991
T1205197,66240.61265935849
T1205198,45717.35287120905
T1205199,33476.81985241144
T1205200,31450.175342127615
T1205201,64257.05419823897
T1205202,34259.28585836915
T1205203,53974.14973382407
T1205204,46364.35053835306
T1205205,31604.18833299723
T1205206,43568.43315056883
T1205207,34536.08951940141
T1205208,29229.076881770674
T1205209,33784.41453030128
T1205210,53886.846088726015
T1205211,44906.60369381884
T1205212,38105.29654754172
T1205213,43994.969995372616
T1205214,30740.052585776582
T1205215,28046.77450045401
T1205216,34931.0239175905
T1205217,54407.99488473972
T1205218,46076.89884979538
T1205219,34465.640918085686
T1205220,22657.070759488517
T1205221,31144.019060560764
T1205222,55939.92490024669
T1205223,72225.84736726618
T1205224,35538.49810831476
T1205225,61330.14018474893
T1205226,36179.57737963051
T1205227,44078.99074429142
T1205228,53165.174321277584
T1205229,37808.40883018362
T1205230,30553.225512221175
T1205231,33589.92418262923
T1205232,22895.766972691832
T1205233,54867.1997499526
T1205234,35217.174979899755
T1205235,28196.166366365316
T1205236,36023.27918398546
T1205237,29884.91537941487
T1205238,36347.318367971486
T1205239,32108.364570570306
T1205240,32638.891741977408
T1205241,61152.15025492917
T1205242,46360.046019779125
T1205243,52635.5328807625
T1205244,45798.63250966949
T1205245,35453.08493310941
T1205246,34776.83880328549
T1205247,34646.306796179655
T1205248,34776.83880328549
T1205249,44871.19896861064
T1205250,34884.30454229595
T1205251,55034.468249900325
T1205252,33476.81985241144
T1205253,61623.467977226894
T1205254,31724.843219694772
T1205255,52566.22664918906
T1205256,38368.55275916309
T1205257,32120.443847546474
T1205258,65929.14298336185
T1205259,45130.91421688262
T1205260,35424.46869239139
T1205261,35584.287864080696
T1205262,63920.30134995565
T1205263,35933.97797097108
T1205264,61529.607985283896
T1205265,46101.779903048206
T1205266,35468.39655670071
T1205267,38621.34547601938
T1205268,46497.50428488436
T1205269,63952.587312482465
T1205270,29557.16065174134
T1205271,37036.21214002656
T1205272,52979.32984651307
T1205273,35547.24763681123
T1205274,43639.086752025905
T1205275,55170.37553774445
T1205276,30437.985859724315
T1205277,31351.438049748514
T1205278,52130.642254748425
T1205279,34669.8682354139
T1205280,44092.18220032919
T1205281,27610.635996078294
T1205282,30948.700170200467
T1205283,34669.8682354139
T1205284,53079.28089523484
T1205285,44123.63618160859
T1205286,28884.86991122128
T1205287,38065.227426051286
T1205288,52970.356085344494
T1205289,26675.213528295535
T1205290,27354.190370960907
T1205291,23277.36595809028
T1205292,27841.959298847574
T1205293,34876.422314229036
T1205294,32036.66938485354
T1205295,22855.110042302396
T1205296,30026.665869383563
T1205297,27657.548907289856
T1205298,29247.853736788547
T1205299,33982.394234403655
T1205300,43693.63973830166
T1205301,43207.747669505865
T1205302,34519.161095366784
T1205303,45500.450253458075
T1205304,45265.144496900786
T1205305,26568.595446048796
T1205306,53165.174321277584
T1205307,64008.66722272159
T1205308,37683.79452188048
T1205309,25728.52483566874
T1205310,27004.280808844236
T1205311,27372.8162481293
T1205312,44356.009010251444
T1205313,27658.45351542013
T1205314,43823.04433945224
T1205315,27831.21828538458
T1205316,34666.07790174059
T1205317,38246.64486501889
T1205318,33819.7327960342
T1205319,36004.186498236515
T1205320,37683.79452188048
T1205321,46524.94734403152
T1205322,44369.883119434126
T1205323,46678.09945617299
T1205324,48261.22251806664
T1205325,45511.28718373228
T1205326,27157.835542518675
T1205327,46948.037275103794
T1205328,26761.088505702333
T1205329,29434.018582261404
T1205330,31495.433527135006
T1205331,34888.504499461094
T1205332,35228.38241425117
T1205333,55786.66919490746
T1205334,33819.7327960342
T1205335,32036.66938485354
T1205336,44060.91988218322
T1205337,31389.57631080502
T1205338,30712.698729757634
T1205339,27794.09136455269
T1205340,30740.052585776582
T1205341,55388.6003486905
T1205342,52289.6005309618
T1205343,43583.84460361895
T1205344,26675.213528295535
T1205345,45990.26667439113
T1205346,22657.070759488517
T1205347,30475.878725100338
T1205348,35291.743492758884
T1205349,35573.803898329985
T1205350,59077.61920540746
T1205351,34669.8682354139
T1205352,22712.347003721283
T1205353,35547.24763681123
T1205354,43575.67960890931
T1205355,45996.53411951189
T1205356,56317.51272370211
T1205357,25737.449906389305
T1205358,43321.51454932316
T1205359,55159.005659076225
T1205360,38140.12121438804
T1205361,26847.001590975284
T1205362,37458.55535494962
T1205363,35139.729143405224
T1205364,35041.64496844922
T1205365,34718.785871222346
T1205366,53386.68976590873
T1205367,29287.77731358345
T1205368,28296.0926307473
T1205369,51152.52466478109
T1205370,60468.82591023286
T1205371,54660.36321666177
T1205372,45704.7452525512
T1205373,35468.39655670071
T1205374,31286.881582457172
T1205375,27488.880250631
T1205376,52658.80465614729
T1205377,37647.72912920218
T1205378,45615.51571390769
T1205379,35285.36767941966
T1205380,27822.473521170286
T1205381,56538.140558628904
T1205382,27765.88199518258
T1205383,22306.36913307567
T1205384,27458.078469012376
T1205385,36117.70314730812
T1205386,30125.966097094148
T1205387,46741.57917626073
T1205388,34787.52594523904
T1205389,34164.09482444594
T1205390,22686.186314155937
T1205391,61799.29229689165
T1205392,66567.21703997054
T1205393,34876.422314229036
T1205394,42511.02611847507
T1205395,35588.126508355504
T1205396,34254.74693911711
T1205397,35588.126508355504
T1205398,37568.547250439005
T1205399,34876.422314229036
T1205400,37630.49299098636
T1205401,30128.831151267674
T1205402,35129.145016627976
T1205403,38109.69572718219
T1205404,34931.0239175905
T1205405,26940.192500737074
T1205406,34688.359842554986
T1205407,35168.2118972917
T1205408,43473.37396052896
T1205409,54538.7355981261
T1205410,30905.01743180367
T1205411,35139.729143405224
T1205412,64565.377861270026
T1205413,33242.77676812996
T1205414,30948.700170200467
T1205415,27888.925359540808
T1205416,43876.4732757878
T1205417,51662.3059915913
T1205418,34559.083412187036
T1205419,42777.67525493337
T1205420,33604.85468823096
T1205421,23318.04701468767
T1205422,34669.8682354139
T1205423,22824.89024051778
T1205424,54867.1997499526
T1205425,52375.57948344411
T1205426,23442.26549961984
T1205427,31450.175342127615
T1205428,31974.155523133715
T1205429,35697.708369395164
T1205430,65929.14298336185
T1205431,38067.052172575575
T1205432,52970.356085344494
T1205433,23289.43880787778
T1205434,35590.67077862109
T1205435,46479.49246751641
T1205436,31379.127861402834
T1205437,53689.158306499856
T1205438,43819.26962748347
T1205439,37800.11172896623
T1205440,43809.235259724155
T1205441,43132.765296277496
T1205442,36146.729300575236
T1205443,30380.852446144774
T1205444,39211.67411236422
T1205445,34740.90892746354
T1205446,51863.38520211316
T1205447,51665.651137412504
T1205448,36492.34796450768
T1205449,45919.97076018589
T1205450,30912.920236976195
T1205451,31856.983826816293
T1205452,30290.32202888775
T1205453,54526.50291024926
T1205454,35962.57620197455
T1205455,29808.345417160694
T1205456,54533.511423428296
T1205457,22758.30314274902
T1205458,44321.65438479674
T1205459,44376.02992562764
T1205460,27638.330254427186
T1205461,52289.6005309618
T1205462,36746.98072666133
T1205463,64195.87505478864
T1205464,45704.7452525512
T1205465,32203.653908693264
T1205466,34050.87407660467
T1205467,43913.77907107383
T1205468,34080.494427351936
T1205469,36023.27918398546
T1205470,35234.046148960195
T1205471,55034.468249900325
T1205472,52235.95794613548
T1205473,30204.78373272252
T1205474,41969.02695184358
T1205475,35525.082353983926
T1205476,63855.696868930776
T1205477,46101.779903048206
T1205478,21918.740030838417
T1205479,65907.88612410096
T1205480,44112.58554601928
T1205481,29962.398796552257
T1205482,32395.626087321816
T1205483,33784.41453030128
T1205484,56317.51272370211
T1205485,52826.70442068944
T1205486,35301.555694199364
T1205487,33819.7327960342
T1205488,35140.01411383951
T1205489,27882.838991817986
T1205490,35256.57401792582
T1205491,37647.72912920218
T1205492,34795.102273150595
T1205493,28099.778500680197
T1205494,52130.642254748425
T1205495,34617.97406667597
T1205496,55072.63051515243
T1205497,36236.231111237445
T1205498,51830.176230454876
T1205499,72458.93673202193
T1205500,35664.35965443212
T1205501,30299.36721326717
T1205502,35978.17408256621
T1205503,30069.70673270225
T1205504,30436.580483983686
T1205505,35617.68302045702
T1205506,32165.281079858276
T1205507,33799.05813004054
T1205508,29293.962365997366
T1205509,35576.29611992438
T1205510,54975.17540560523
T1205511,34972.96271236502
T1205512,44162.60925461344
T1205513,41966.85379104622
T1205514,29686.96967418692
T1205515,53176.012883746065
T1205516,46564.526933848
T1205517,46136.44227866224
T1205518,56784.0570879511
T1205519,34657.98669071956
T1205520,36090.14879355673
T1205521,35650.02070938402
T1205522,35317.15373786486
T1205523,29177.763635581538
T1205524,32018.883907004198
T1205525,55357.88898814033
T1205526,35692.37493737058
T1205527,38411.3201739562
T1205528,52590.90239638964
T1205529,34912.007656547416
T1205530,44965.95237804332
T1205531,38086.78700672724
T1205532,31789.18614099624
T1205533,33329.58741893502
T1205534,33478.12360988925
T1205535,52777.26825263813
T1205536,35949.569244232414
T1205537,46711.502327241185
T1205538,35216.7692750502
T1205539,35479.51703904407
T1205540,34963.628442939225
T1205541,35368.960870883464
T1205542,45229.82254039963
T1205543,45711.102680566335
T1205544,21904.172790434804
T1205545,35760.93056085065
T1205546,53032.09233945476
T1205547,28092.51749485847
T1205548,23393.57032883628
T1205549,31517.743133681157
T1205550,32186.22749657871
T1205551,53778.41402043545
T1205552,36038.89108125084
T1205553,32529.480649916513
T1205554,30148.445983024834
T1205555,54620.283844614125
T1205556,33900.13309889997
T1205557,34453.0648835052
T1205558,31517.743133681157
T1205559,65677.47485611675
T1205560,35646.51112875465
T1205561,21931.58682748443
T1205562,55274.3240065321
T1205563,22753.71741368005
T1205564,30835.742154528303
T1205565,35041.64200037663
T1205566,38086.78700672724
T1205567,42413.26845927494
T1205568,43942.448966009455
T1205569,31865.299508845615
T1205570,54584.47262107921
T1205571,33374.34448891677
T1205572,32457.062207017483
T1205573,34794.625969100234
T1205574,44278.01700567343
T1205575,34657.98669071956
T1205576,26616.471965785146
T1205577,38065.12286860213
T1205578,37681.49352910698
T1205579,53958.48369732337
T1205580,36509.52976629208
T1205581,28513.456691144725
T1205582,60791.44112252144
T1205583,37710.6960920655
T1205584,36706.821489118774
T1205585,45065.723181801375
T1205586,43587.14381666024
T1205587,34308.530239356274
T1205588,29916.67883852218
T1205589,56558.73650004677
T1205590,35657.63722893343
T1205591,33478.12360988925
T1205592,37666.72813097914
T1205593,64476.794586547
T1205594,55072.63051515243
T1205595,45595.908776442644
T1205596,34050.49158559579
T1205597,45793.22953631779
T1205598,34810.869703050186
T1205599,38119.40019757912
T1205600,61472.53568512519
T1205601,46094.34835562144
T1205602,23302.60012355467
T1205603,28312.622690931403
T1205604,54759.603055526335
T1205605,22800.768389161127
T1205606,22859.204510883712
T1205607,26843.45731112677
T1205608,35646.51112875465
T1205609,52870.04396694346
T1205610,31245.656902335493
T1205611,22689.776272495124
T1205612,54975.17540560523
T1205613,42810.98406331102
T1205614,34318.11675899749
T1205615,38584.83392191666
T1205616,37020.69265925576
T1205617,30069.396975076063
T1205618,53064.384495102044
T1205619,54795.88952228792
T1205620,56123.64325077592
T1205621,33900.13309889997
T1205622,37710.6960920655
T1205623,34492.60803437903
T1205624,27391.39837189771
T1205625,31709.550676008705
T1205626,27866.12576679875
T1205627,42674.10392309636
T1205628,30167.177244083876
T1205629,32081.444311697604
T1205630,31614.389917737106
T1205631,34927.153400231124
T1205632,31412.620950895038
T1205633,32081.444311697604
T1205634,35617.68302045702
T1205635,25758.394830067282
T1205636,56558.73650004677
T1205637,29544.652075044967
T1205638,27648.872833122427
T1205639,22234.579511823526
T1205640,30880.348970560266
T1205641,36061.14685410114
T1205642,29996.937280081103
T1205643,27825.787759032122
T1205644,55970.11948518733
T1205645,55970.11948518733
T1205646,27563.295332641166
T1205647,52642.77148440686
T1205648,30815.021769376148
T1205649,32400.645958436657
T1205650,28007.41321601282
T1205651,31021.792828565125
T1205652,53526.433048698644
T1205653,33899.36747426554
T1205654,27679.788399922196
T1205655,34051.2590263259
T1205656,38065.12286860213
T1205657,62206.503744814145
T1205658,35576.29611992438
T1205659,43658.12522595571
T1205660,46560.99139299329
T1205661,45071.104231725476
T1205662,44029.263170076905
T1205663,23400.292973277046
T1205664,33865.06346762357
T1205665,30880.348970560266
T1205666,32224.36321034044
T1205667,31412.620950895038
T1205668,46136.44227866224
T1205669,57053.048830739885
T1205670,34358.19567228005
T1205671,37020.69265925576
T1205672,38949.61424754981
T1205673,35692.37493737058
T1205674,34492.60803437903
T1205675,44029.263170076905
T1205676,26673.449451330434
T1205677,35751.587418637086
T1205678,35116.18072842569
T1205679,22619.363689345002
T1205680,43743.65174597426
T1205681,34979.89478918288
T1205682,35116.18072842569
T1205683,35197.786460177645
T1205684,35704.54204681144
T1205685,30452.81404429149
T1205686,46030.12485215669
T1205687,27953.535806455824
T1205688,26933.617103814213
T1205689,43032.91968186393
T1205690,59371.97101046401
T1205691,35235.864820459545
T1205692,34019.204970367675
T1205693,34700.72806681804
T1205694,30493.097112599487
T1205695,55106.49526317916
T1205696,43768.54319888022
T1205697,23461.691845441586
T1205698,52590.90239638964
T1205699,64356.873954070325
T1205700,35261.909405825674
T1205701,55072.63051515243
T1205702,45706.76252573559
T1205703,31722.3924919615
T1205704,45986.31941399811
T1205705,34529.07010428127
T1205706,22687.772946775207
T1205707,34296.41709303122
T1205708,30803.330943595334
T1205709,43878.58577577247
T1205710,44268.12197956
T1205711,23311.786934178206
T1205712,26465.217727627
T1205713,31536.40952529835
T1205714,34948.812896169424
T1205715,64542.65162546066
T1205716,35279.02860024131
T1205717,34096.70233513062
T1205718,52929.4388111024
T1205719,53747.87101396016
T1205720,35595.49435164054
T1205721,27808.491687074285
T1205722,34669.39284524653
T1205723,22468.917507909067
T1205724,55072.63051515243
T1205725,31913.07249293597
T1205726,45939.739182239195
T1205727,30361.4441747567
T1205728,44189.912079242924
T1205729,54171.53895113234
T1205730,33577.92484843272
T1205731,52354.6656555425
T1205732,35136.20960975899
T1205733,55274.3240065321
T1205734,33799.05813004054
T1205735,27979.950360714167
T1205736,34129.60180073265
T1205737,34548.36463628761
T1205738,37835.12145353449
T1205739,44994.73787264765
T1205740,34801.55850350898
T1205741,38069.99178197986
T1205742,43945.29294517111
T1205743,43759.67005724939
T1205744,43187.09692644241
T1205745,28263.118168523964
T1205746,31488.21413872082
T1205747,53842.851520397984
T1205748,44675.79857559887
T1205749,23365.476847585687
T1205750,53031.32612876545
T1205751,35153.52839796186
T1205752,52590.90239638964
T1205753,35390.518145516806
T1205754,31773.564409956387
T1205755,26592.923022331328
T1205756,46512.71816380984
T1205757,34816.94910056941
T1205758,51982.1672969635
T1205759,37718.746835571765
T1205760,43960.80389806237
T1205761,31422.746951793728
T1205762,52496.96119267295
T1205763,43773.470813662505
T1205764,28032.477124369405
T1205765,46271.211931534795
T1205766,34706.120123061875
T1205767,37484.48141489859
T1205768,38255.195705217986
T1205769,55580.65100649717
T1205770,27235.873818713357
T1205771,35560.95970099703
T1205772,46761.01034388154
T1205773,34669.39284524653
T1205774,44340.065735448385
T1205775,27801.993342229387
T1205776,22640.687107608304
T1205777,47129.685169450415
T1205778,25804.89495893538
T1205779,35216.7692750502
T1205780,34718.310123900046
T1205781,45786.89347919557
T1205782,34816.94910056941
T1205783,28067.991972424796
T1205784,35434.19502367721
T1205785,34669.39284524653
T1205786,31395.036640892697
T1205787,31833.55160449156
T1205788,53379.42279420831
T1205789,66151.09004918305
T1205790,46868.048375481274
T1205791,30691.26925654192
T1205792,29920.2144828881
T1205793,33644.29796634308
T1205794,35294.305456924245
T1205795,35269.20493911457
T1205796,48156.38695454362
T1205797,61844.23155272146
T1205798,34912.007656547416
T1205799,36197.09529492629
T1205800,36038.89108125084
T1205801,37836.43375407539
T1205802,32139.28097789527
T1205803,36335.941778136104
T1205804,32685.58388557105
T1205805,60791.44112252144
T1205806,44224.2122850814
T1205807,46498.39583621593
T1205808,30310.702934439912
T1205809,26702.246242435263
T1205810,45610.63843331309
T1205811,35329.84026166805
T1205812,28026.96786526241
T1205813,38124.19301723039
T1205814,27993.62565949936
T1205815,34529.07010428127
T1205816,54811.23466185928
T1205817,23299.70791452189
T1205818,31443.324178378894
T1205819,34582.13849072673
T1205820,43202.97797996085
T1205821,34972.96271236502
T1205822,27866.12576679875
T1205823,53379.42279420831
T1205824,29137.920031604936
T1205825,34669.39284524653
T1205826,43878.58577577247
T1205827,35664.35965443212
T1205828,45216.09047179106
T1205829,42852.8621712387
T1205830,22640.687107608304
T1205831,43826.86755766328
T1205832,52354.6656555425
T1205833,22864.602607937708
T1205834,28074.09983276905
T1205835,34801.55850350898
T1205836,37590.55868568385
T1205837,34669.39284524653
T1205838,44247.27021397225
T1205839,30839.043277267334
T1205840,33900.13309889997
T1205841,51780.842695709616
T1205842,37718.746835571765
T1205843,36133.336825698585
T1205844,34748.96055750374
T1205845,26973.602771996546
T1205846,44226.248200193106
T1205847,66382.54972887093
T1205848,34912.007656547416
T1205849,35197.786460177645
T1205850,34200.728360811794
T1205851,54389.39033187388
T1205852,38065.12286860213
T1205853,44928.64425162816
T1205854,26616.471965785146
T1205855,52682.25296516402
T1205856,28949.647284006343
T1205857,45786.89347919557
T1205858,30839.043277267334
T1205859,37665.4189688847
T1205860,53031.32612876545
T1205861,31147.094818317943
T1205862,31518.36621085228
T1205863,22832.181300076256
T1205864,37989.05627109357
T1205865,31809.21107004767
T1205866,55550.58405087866
T1205867,45455.89628327688
T1205868,38206.359931229075
T1205869,35778.40192755909
T1205870,52595.05081783881
T1205871,25975.5949977405
T1205872,34932.74544722349
T1205873,37860.0030642298
T1205874,38265.54667812289
T1205875,35810.56775466864
T1205876,53819.78016268664
T1205877,38030.17146618239
T1205878,44017.06565380808
T1205879,37147.1070375482
T1205880,28040.99151045857
T1205881,23561.711765543074
T1205882,35662.17405956041
T1205883,35298.39547519111
T1205884,32013.072832079783
T1205885,54041.86308474176
T1205886,23451.5208215397
T1205887,34825.3885114369
T1205888,34425.16319541562
T1205889,52866.547133145184
T1205890,46099.688839329734
T1205891,34985.491332159305
T1205892,45922.020547224056
T1205893,34950.92120536331
T1205894,54118.038074581855
T1205895,35743.619638088494
T1205896,53296.67892947929
T1205897,34028.08537772016
T1205898,35341.67470355682
T1205899,28606.64992140582
T1205900,23455.345025511513
T1205901,34874.422865179346
T1205902,27746.701864551593
T1205903,62055.23555724633
T1205904,22805.947162644727
T1205905,43002.50222767564
T1205906,35084.00668228437
T1205907,35494.15328505738
T1205908,30534.478634061914
T1205909,31940.048671600318
T1205910,36301.10920940202
T1205911,34994.828709834466
T1205912,44878.06209404169
T1205913,54766.34050042656
T1205914,37201.19168270553
T1205915,52946.96613831911
T1205916,56383.10326791895
T1205917,35120.327152130696
T1205918,35129.68367940096
T1205919,38515.446001710705
T1205920,35577.037081237075
T1205921,33632.272368352744
T1205922,32213.810091616848
T1205923,66389.85217514788
T1205924,29283.339524215793
T1205925,28312.709639848847
T1205926,32790.994411414795
T1205927,38727.093958758094
T1205928,25876.00459581877
T1205929,34675.670394461675
T1205930,32340.743790263492
T1205931,33632.272368352744
T1205932,45227.40771053187
T1205933,31372.671251820524
T1205934,33798.853362893184
T1205935,36142.66276781688
T1205936,37913.47744782758
T1205937,57359.564106963204
T1205938,38983.11108872727
T1205939,48669.691945632614
T1205940,44475.464204335025
T1205941,27953.43580916305
T1205942,31873.33183659978
T1205943,35380.91235428578
T1205944,35342.7505622514
T1205945,35136.63228416653
T1205946,35240.89616018703
T1205947,26706.079453029673
T1205948,43634.81262626731
T1205949,28119.31142418741
T1205950,53673.48239313444
T1205951,27124.094716338208
T1205952,35646.81793097598
T1205953,27900.110336137914
T1205954,34862.203696888246
T1205955,46847.34248314763
T1205956,38206.359931229075
T1205957,66971.44434615705
T1205958,32378.97688261918
T1205959,31623.676586997408
T1205960,35746.585018053134
T1205961,37863.048500304394
T1205962,35199.79026899293
T1205963,55550.58405087866
T1205964,36142.66276781688
T1205965,54933.6580375312
T1205966,37863.048500304394
T1205967,44754.17355495254
T1205968,26739.97364422745
T1205969,30985.24792546545
T1205970,44480.75165777963
T1205971,36605.61154208191
T1205972,44226.49007955668
T1205973,28252.06177603991
T1205974,66043.99253526564
T1205975,30361.841500893213
T1205976,22878.266368326702
T1205977,22415.23107157213
T1205978,30282.80570352609
T1205979,42705.74008711782
T1205980,32590.250420356628
T1205981,38260.74440109834
T1205982,46245.418305041305
T1205983,26967.518255582523
T1205984,52924.846048232655
T1205985,45922.020547224056
T1205986,35342.7505622514
T1205987,66751.155280957
T1205988,52108.46904523209
T1205989,22776.7498175692
T1205990,55872.66855544643
T1205991,46685.13899497802
T1205992,52812.59002115945
T1205993,61044.5490199132
T1205994,29983.379207735157
T1205995,33939.291603865866
T1205996,52115.890172905674
T1205997,38208.26458814157
T1205998,35414.43597241281
T1205999,44331.87221176058
T1206000,39623.093180682365
T1206001,55257.675192750925
T1206002,43147.182630551644
T1206003,30303.55793923231
T1206004,35539.63558110794
T1206005,56859.293214075
T1206006,34825.3885114369
T1206007,65202.389648737575
T1206008,34513.069010504645
T1206009,44035.58460698208
T1206010,27777.675631919068
T1206011,53683.60958622777
T1206012,46280.78329750113
T1206013,55376.95124596922
T1206014,35503.99541954789
T1206015,43618.84721068389
T1206016,53323.93837752491
T1206017,54817.536680023535
T1206018,30726.72922605367
T1206019,64749.883993549156
T1206020,22083.392213989067
T1206021,46025.987952160234
T1206022,35376.254920251726
T1206023,26628.61083252658
T1206024,34684.72950303728
T1206025,31850.434437693457
T1206026,54108.865271367955
T1206027,23526.767879830342
T1206028,34748.586731240146
T1206029,41607.83003055645
T1206030,46442.904158373276
T1206031,35854.917937636936
T1206032,43087.497790893896
T1206033,35847.045473219725
T1206034,33456.38914088794
T1206035,34813.95504714361
T1206036,57043.31898476812
T1206037,35796.19752615458
T1206038,41982.71207367771
T1206039,46869.98848309672
T1206040,36081.852672854904
T1206041,35084.00668228437
T1206042,33073.35939319366
T1206043,52310.47052532521
T1206044,31550.143865977974
T1206045,37618.66843073825
T1206046,41801.95382624925
T1206047,35373.08652590293
T1206048,31074.080954799207
T1206049,35129.68367940096
T1206050,34341.84619661686
T1206051,37724.947662494524
T1206052,34737.92513678238
T1206053,27072.213253296184
T1206054,22924.900553434174
T1206055,44271.977476535736
T1206056,35341.67470355682
T1206057,35790.58464700268
T1206058,36164.9526466797
T1206059,53138.900422763836
T1206060,61785.7519112356
T1206061,55109.38388063149
T1206062,55257.675192750925
T1206063,44218.29247803891
T1206064,55376.95124596922
T1206065,32297.830812911994
T1206066,55376.95124596922
T1206067,35083.76510694984
T1206068,31907.684725383708
T1206069,53421.86663526142
T1206070,29688.36237378477
T1206071,55690.66565083107
T1206072,45171.49061148259
T1206073,30688.670500213542
T1206074,72577.6589126891
T1206075,34825.3885114369
T1206076,31522.3737595805
T1206077,62183.51375703655
T1206078,46979.84663609493
T1206079,31720.49613278523
T1206080,27953.43580916305
T1206081,34191.27921460303
T1206082,56286.132526875925
T1206083,28081.1480987288
T1206084,36237.25317864388
T1206085,47268.58253664862
T1206086,37752.91760359599
T1206087,38206.359931229075
T1206088,44671.46207587207
T1206089,35662.17405956041
T1206090,30060.18818228724
T1206091,31623.676586997408
T1206092,33528.23881529372
T1206093,35240.89616018703
T1206094,61044.5490199132
T1206095,34636.01556806207
T1206096,37818.98598824194
T1206097,31993.648080005318
T1206098,42499.163990342204
T1206099,32684.871500817815
T1206100,64599.3974631156
T1206101,22110.925458668225
T1206102,38208.26458814157
T1206103,39606.36704315746
T1206104,32664.72790342204
T1206105,34973.29768302632
T1206106,35427.141096085725
T1206107,44391.041580884485
T1206108,28355.875026597438
T1206109,55382.30872389297
T1206110,44145.98408018399
T1206111,31664.051452074993
T1206112,53170.42659545533
T1206113,22612.583313585732
T1206114,55376.95124596922
T1206115,35724.35360703136
T1206116,31038.223865813055
T1206117,53490.3348440962
T1206118,30613.203169881304
T1206119,52866.547133145184
T1206120,31587.50367187556
T1206121,41334.154386630726
T1206122,42412.74628849332
T1206123,52601.39568303491
T1206124,43911.16800966336
T1206125,28099.72247847547
T1206126,44204.417193536414
T1206127,59652.242397982285
T1206128,33939.291603865866
T1206129,38211.23845852669
T1206130,35260.962893348005
T1206131,35105.47627154334
T1206132,34028.08537772016
T1206133,47255.15705418479
T1206134,44709.1943663802
T1206135,44428.856698470714
T1206136,26739.97364422745
T1206137,37713.65190059492
T1206138,28961.667921909426
T1206139,34684.72950303728
T1206140,23439.403286668137
T1206141,31542.538347622212
T1206142,29256.587632401584
T1206143,22776.7498175692
T1206144,34985.491332159305
T1206145,33132.688609369834
T1206146,43476.72903162015
T1206147,34884.37720402503
T1206148,34675.670394461675
T1206149,32555.709066001473
T1206150,41317.5122346511
T1206151,45310.29947441351
T1206152,34020.15764070994
T1206153,33732.31793904056
T1206154,54421.451646364905
T1206155,30939.878632955297
T1206156,35746.585018053134
T1206157,46939.823876793474
T1206158,52601.39568303491
T1206159,46713.277270082464
T1206160,38378.93988191387
T1206161,35732.47925481109
T1206162,28120.064194747214
T1206163,44381.8895683658
T1206164,28078.401095547724
T1206165,37201.19168270553
T1206166,45644.322371961556
T1206167,35084.00668228437
T1206168,23008.71814096791
T1206169,44145.98408018399
T1206170,35562.74319184914
T1206171,36449.159203621275
T1206172,52866.547133145184
T1206173,53673.48239313444
T1206174,44666.727678343465
T1206175,35419.35716665168
T1206176,27372.07067313442
T1206177,22742.969508855866
T1206178,34028.08537772016
T1206179,37833.78314439522
T1206180,54599.200706619275
T1206181,45153.91584013433
T1206182,35470.45080899598
T1206183,45775.092426559895
T1206184,30967.164779863695
T1206185,53323.93837752491
T1206186,54338.99417683336
T1206187,35732.47925481109
T1206188,36053.20394979453
T1206189,23534.015697476614
T1206190,32213.810091616848
T1206191,54044.258347325376
T1206192,34825.3885114369
T1206193,37913.47744782758
T1206194,29546.041214515197
T1206195,55161.19085420871
T1206196,26825.959519967397
T1206197,56286.132526875925
T1206198,34437.30053870007
T1206199,44532.35754757916
T1206200,46186.5508138999
T1206201,34813.95504714361
T1206202,53081.87606784115
T1206203,34513.44472629789
T1206204,27552.047742380408
T1206205,36193.999015597954
T1206206,45283.5848170434
T1206207,30822.36387724573
T1206208,36331.94082485336
T1206209,27906.620885524164
T1206210,45890.527091329765
T1206211,34973.29768302632
T1206212,38979.86260255862
T1206213,33208.66254007547
T1206214,22988.919520978376
T1206215,35778.40192755909
T1206216,64719.45266882766
T1206217,30112.947412996014
T1206218,32842.588853781315
T1206219,23604.721950501484
T1206220,54535.976792323345
T1206221,44475.464204335025
T1206222,30504.305145430128
T1206223,46712.062127239566
T1206224,34039.82225846709
T1206225,34174.67435191086
T1206226,54414.634860939994
T1206227,34924.414783707136
T1206228,34756.45711668017
T1206229,45297.499374045554
T1206230,45621.12371766873
T1206231,46415.495490553105
T1206232,49660.439826368834
T1206233,39572.527644752125
T1206234,43392.4372973421
T1206235,32398.574135308954
T1206236,38966.17200899899
T1206237,36212.178094753035
T1206238,42106.61237831022
T1206239,44430.48961141089
T1206240,38159.015456568035
T1206241,32845.895892772925
T1206242,46662.78388668295
T1206243,42875.42145506873
T1206244,36490.17451573477
T1206245,46935.929325741745
T1206246,33939.01546051416
T1206247,44492.014883261385
T1206248,42824.381876401945
T1206249,54134.880836390716
T1206250,40774.428263500995
T1206251,35595.54281935635
T1206252,42728.839478483336
T1206253,33261.9486277203
T1206254,55883.58369589195
T1206255,64630.4659170026
T1206256,36708.46603389847
T1206257,35928.01551965983
T1206258,29006.544854726257
T1206259,35923.389847116465
T1206260,54366.44663236862
T1206261,34718.45928818516
T1206262,53791.57676130563
T1206263,43379.843743528174
T1206264,34399.86043698114
T1206265,22759.803354355052
T1206266,28914.879847574368
T1206267,56978.14994950976
T1206268,36023.04086177012
T1206269,36758.58904125523
T1206270,42728.839478483336
T1206271,43706.56054446487
T1206272,32770.33711949057
T1206273,42210.02927223965
T1206274,54075.87552376858
T1206275,32686.522020524273
T1206276,43221.24293056267
T1206277,31220.10148013885
T1206278,40735.17138155251
T1206279,32226.24528195888
T1206280,54829.475474971114
T1206281,38119.01193310734
T1206282,45101.501576667855
T1206283,31604.066136170706
T1206284,36712.09148493211
T1206285,36309.2266676177
T1206286,54015.21370927351
T1206287,34894.841516601075
T1206288,37956.668761575
T1206289,71289.31058825487
T1206290,45282.431421409674
T1206291,45403.743351723955
T1206292,44010.47553802589
T1206293,54075.87552376858
T1206294,47102.74987492775
T1206295,36648.01740440816
T1206296,29318.7968470103
T1206297,57062.18470636533
T1206298,37956.668761575
T1206299,39522.127273519065
T1206300,45272.649542828665
T1206301,34028.328951979776
T1206302,39919.642439095696
T1206303,47102.74987492775
T1206304,55900.955689850474
T1206305,23700.192913679017
T1206306,23040.314679212395
T1206307,38522.09152669893
T1206308,34107.22818810394
T1206309,23039.63267450732
T1206310,32710.415056880618
T1206311,35346.85964383895
T1206312,33345.37458758862
T1206313,66336.2399740392
T1206314,22289.25841242139
T1206315,39146.58402625794
T1206316,42040.98667749812
T1206317,42560.17449366298
T1206318,34215.97462151791
T1206319,35592.00576093309
T1206320,40210.76554370503
T1206321,38816.15176604092
T1206322,35918.227766322096
T1206323,45739.89927208402
T1206324,63601.885860165494
T1206325,29256.61672769291
T1206326,33908.74921003706
T1206327,37190.96957549475
T1206328,54473.37460872832
T1206329,36576.975674550216
T1206330,36495.36129040824
T1206331,41598.58490032854
T1206332,46335.6513093413
T1206333,45819.792060336724
T1206334,32206.046683006196
T1206335,57947.9527936338
T1206336,29117.56469053117
T1206337,37301.125196124434
T1206338,30745.790320175587
T1206339,48053.38359696654
T1206340,39021.63329089516
T1206341,47007.874231001944
T1206342,38954.6810835873
T1206343,37220.45192107445
T1206344,32294.149207033955
T1206345,56770.49158403458
T1206346,36573.113401704046
T1206347,32475.193962961122
T1206348,57204.40217537097
T1206349,35555.330955956786
T1206350,46575.436236614725
T1206351,36264.38369635627
T1206352,23250.837500890502
T1206353,39021.63329089516
T1206354,34441.89586214842
T1206355,34204.39863739844
T1206356,62205.16636171346
T1206357,43320.53785612158
T1206358,31840.72964595416
T1206359,29684.710004677938
T1206360,43908.31209569206
T1206361,66599.64542715593
T1206362,28881.115677767208
T1206363,33677.653800279535
T1206364,53994.29958325838
T1206365,33001.62146827292
T1206366,35732.88169700257
T1206367,35632.3500634217
T1206368,57130.256285444266
T1206369,36373.52750240961
T1206370,55401.990740037225
T1206371,34894.841516601075
T1206372,57325.274583901024
T1206373,45837.770000858305
T1206374,45452.61440948096
T1206375,27307.12599077611
T1206376,36669.90609776902
T1206377,35211.94401216064
T1206378,54979.120550456355
T1206379,39225.262317893685
T1206380,35380.14313763322
T1206381,46894.18448383918
T1206382,32145.239542903713
T1206383,36128.10984708587
T1206384,28066.646057572994
T1206385,47768.10734318019
T1206386,37205.064726139935
T1206387,40827.71490351708
T1206388,63870.099087101495
T1206389,27902.18136767555
T1206390,56978.14994950976
T1206391,32956.05337722383
T1206392,29078.532950946996
T1206393,39021.63329089516
T1206394,56978.14994950976
T1206395,32613.60877645289
T1206396,57001.06163870939
T1206397,39462.555066798486
T1206398,67951.56629498187
T1206399,54775.780244586545
T1206400,45296.48591243282
T1206401,43160.182399691344
T1206402,43119.31109952658
T1206403,35982.08419379069
T1206404,46419.82767950991
T1206405,56101.156212536735
T1206406,31237.775236705616
T1206407,73860.81721600909
T1206408,35583.53640438592
T1206409,41598.58490032854
T1206410,54255.51977255147
T1206411,42337.2731173323
T1206412,32193.102152298114
T1206413,38573.350156667904
T1206414,36176.666097216
T1206415,33477.4391980371
T1206416,63632.548584779324
T1206417,54546.39211345917
T1206418,68515.63493596851
T1206419,43687.039018403
T1206420,58500.60368797573
T1206421,35083.9759701089
T1206422,46509.51326997001
T1206423,42916.16948551549
T1206424,29115.802202441766
T1206425,66804.27850162922
T1206426,29561.818821643734
T1206427,36495.36129040824
T1206428,31421.520212436837
T1206429,56978.14994950976
T1206430,63921.94307405505
T1206431,28748.992487059168
T1206432,23081.36890109294
T1206433,23049.623917476685
T1206434,29435.412376858905
T1206435,36791.9352423325
T1206436,36041.24752175992
T1206437,35146.48856662528
T1206438,36041.24752175992
T1206439,30939.991715356882
T1206440,22261.60707579233
T1206441,42819.5663576437
T1206442,33246.43749920423
T1206443,31276.19506878708
T1206444,37600.03833385997
T1206445,52694.18586203944
T1206446,23636.888292152988
T1206447,64113.88004877394
T1206448,52815.45236571084
T1206449,28742.352169824324
T1206450,56272.18785933537
T1206451,64724.11184624958
T1206452,55525.967578056414
T1206453,67473.49975292319
T1206454,46202.80848341136
T1206455,36391.207099949264
T1206456,66146.62503708458
T1206457,32817.80586567791
T1206458,30962.82769337285
T1206459,22573.48696157367
T1206460,42647.4706823234
T1206461,34236.237807531084
T1206462,42849.920855624165
T1206463,35908.64589023726
T1206464,35920.74103610034
T1206465,42728.839478483336
T1206466,37632.0346074745
T1206467,55330.61264287311
T1206468,35978.632555067976
T1206469,45160.757285743755
T1206470,53791.57676130563
T1206471,47446.07121062351
T1206472,31666.918320913835
T1206473,53190.91053372834
T1206474,46597.57312467964
T1206475,36812.724298622925
T1206476,35440.22002183773
T1206477,22914.349232284072
T1206478,27639.762572293992
T1206479,39077.63391783888
T1206480,44235.83609501055
T1206481,36837.38224353039
T1206482,42216.48045343611
T1206483,32256.78829919011
T1206484,46683.35685920222
T1206485,45707.26119363506
T1206486,46365.794048890486
T1206487,58687.438001061804
T1206488,36474.8311796441
T1206489,47510.705996064695
T1206490,53516.40162337075
T1206491,36822.79397243666
T1206492,54956.26901009571
T1206493,42926.48501403617
T1206494,56862.17675054136
T1206495,31692.1107955934
T1206496,36228.22796013204
T1206497,37113.09448494537
T1206498,43093.35673527545
T1206499,44683.32792636963
T1206500,38360.66250897992
T1206501,34067.26402727488
T1206502,28762.56533380751
T1206503,46935.929325741745
T1206504,35658.36411646447
T1206505,53685.54083597967
T1206506,47964.313237044546
T1206507,32294.149207033955
T1206508,46762.49836057166
T1206509,23759.744256869108
T1206510,37595.424906345055
T1206511,36573.113401704046
T1206512,39146.58402625794
T1206513,35186.66157060244
T1206514,36357.50935478761
T1206515,35382.83854176548
T1206516,34786.023309249285
T1206517,45749.616498996795
T1206518,45406.2943343167
T1206519,36427.02929720259
T1206520,42969.33485599471
T1206521,56962.141575738955
T1206522,40738.69351093872
T1206523,42794.702423477866
T1206524,45505.14273914533
T1206525,43908.31209569206
T1206526,44067.88193881789
T1206527,30926.68403733869
T1206528,46782.448028598694
T1206529,53316.898779081115
T1206530,67951.56629498187
T1206531,32620.481864220106
T1206532,45621.12371766873
T1206533,42824.381876401945
T1206534,68208.03774029005
T1206535,58902.06702847321
T1206536,62653.75999407165
T1206537,31539.346587388845
T1206538,42926.48501403617
T1206539,28635.98908192522
T1206540,39200.947808665645
T1206541,47314.90927830013
T1206542,54917.920978885784
T1206543,57314.74830332014
T1206544,77142.04716150752
T1206545,54015.21370927351
T1206546,44590.69719613588
T1206547,57947.9527936338
T1206548,72908.38629285614
T1206549,56384.50080619705
T1206550,37365.97261873178
T1206551,36193.782654670875
T1206552,41850.76891251915
T1206553,47586.43692053667
T1206554,23681.51770665323
T1206555,43320.53785612158
T1206556,39963.401055353264
T1206557,47052.579781961176
T1206558,36535.55695023604
T1206559,40029.73099614254
T1206560,36051.58324829017
T1206561,34894.841516601075
T1206562,45684.52364952164
T1206563,57204.40217537097
T1206564,38674.43087976247
T1206565,36172.786951500726
T1206566,56604.9397422662
T1206567,33062.673681424116
T1206568,27122.414064631008
T1206569,38674.43087976247
T1206570,26423.028390074593
T1206571,43548.37057340333
T1206572,36673.16636855295
T1206573,44381.011340941455
T1206574,29179.75821163545
T1206575,23651.326268210243
T1206576,32511.03611514307
T1206577,28755.097741929127
T1206578,37486.418118216396
T1206579,47586.532706340644
T1206580,47679.314913190196
T1206581,43998.07275995526
T1206582,33422.04910905786
T1206583,47338.64208588929
T1206584,35380.14313763322
T1206585,48021.500278721665
T1206586,45500.12724436781
T1206587,31829.44339209048
T1206588,41963.06759310328
T1206589,55616.597403213214
T1206590,32883.73845313495
T1206591,39997.8596606552
T1206592,36693.80099075407
T1206593,43673.58125072064
T1206594,40112.89177009745
T1206595,47358.76008272815
T1206596,36775.65132254567
T1206597,55495.93071383572
T1206598,32360.237771590077
T1206599,37810.32428798315
T1206600,55036.71831991569
T1206601,53556.936651239965
T1206602,35815.651104628756
T1206603,77866.29619285867
T1206604,46746.07746860442
T1206605,42351.65364392347
T1206606,42539.566213503036
T1206607,39354.02569197946
T1206608,34044.32965616874
T1206609,54064.25135650714
T1206610,54955.69496992585
T1206611,40747.21552957439
T1206612,34194.54370563692
T1206613,35837.84326822946
T1206614,47811.24398145265
T1206615,44156.894179184885
T1206616,37577.19134334125
T1206617,40261.92979401486
T1206618,58756.43993970021
T1206619,64775.72094668212
T1206620,36398.75537822817
T1206621,56433.40030707095
T1206622,32408.548827920582
T1206623,43166.459252392866
T1206624,42705.23147785397
T1206625,43493.35865210304
T1206626,40025.477107526596
T1206627,29576.23240944693
T1206628,56982.880850365975
T1206629,47836.62278242147
T1206630,49299.72713183604
T1206631,41952.92264726217
T1206632,43304.32638368198
T1206633,46531.167445077386
T1206634,26454.34373928288
T1206635,38254.9559756125
T1206636,55125.082144992164
T1206637,43090.33411170648
T1206638,64622.56259529582
T1206639,39230.44510421021
T1206640,38179.393258411204
T1206641,37778.784264339054
T1206642,33604.452677214555
T1206643,36108.363900310644
T1206644,62998.902116854515
T1206645,64682.035238256474
T1206646,47268.36565327201
T1206647,41285.1162255007
T1206648,42012.88123008709
T1206649,54715.0972650692
T1206650,45468.87101693128
T1206651,63977.08212586594
T1206652,63543.14036092759
T1206653,39196.53496083926
T1206654,42027.650178040836
T1206655,54589.38838914612
T1206656,55036.71831991569
T1206657,40741.54601807798
T1206658,44325.126601156146
T1206659,36286.358828556375
T1206660,44771.5468105982
T1206661,37251.946091959995
T1206662,35202.76326098839
T1206663,37072.1106034747
T1206664,39821.05301422533
T1206665,43365.04392737955
T1206666,34015.38801247899
T1206667,34399.87200008664
T1206668,63363.670357705036
T1206669,56805.431280386365
T1206670,47532.179660345355
T1206671,38849.47897224084
T1206672,64963.131718510245
T1206673,40491.01448115299
T1206674,34227.828377528596
T1206675,45904.728347551056
T1206676,38219.43051278975
T1206677,28550.9061431451
T1206678,37344.099343804904
T1206679,43440.32791274767
T1206680,46758.02785326948
T1206681,33648.548521747245
T1206682,40777.28210309074
T1206683,29805.009318611636
T1206684,33356.96234967217
T1206685,34180.049910055284
T1206686,55872.16587347882
T1206687,38219.43051278975
T1206688,39889.02287960074
T1206689,48567.18145880444
T1206690,56109.26381328641
T1206691,46444.88526897015
T1206692,63876.14150045635
T1206693,33077.54318560478
T1206694,43205.822761767064
T1206695,44426.5420733633
T1206696,66938.47017356432
T1206697,57821.2025231594
T1206698,37381.03217462237
T1206699,23253.47076378711
T1206700,55496.618852168795
T1206701,73034.43466625761
T1206702,42152.30363867515
T1206703,40855.43332480335
T1206704,29538.696788282778
T1206705,53116.14726990868
T1206706,68008.11607818384
T1206707,56408.887300985545
T1206708,23780.724185310326
T1206709,39134.01379352048
T1206710,35265.22492883847
T1206711,29747.370331393875
T1206712,47836.62278242147
T1206713,46540.863749516015
T1206714,28943.201994231666
T1206715,43166.459252392866
T1206716,57630.62672229211
T1206717,44336.86195732884
T1206718,37767.81779349832
T1206719,45101.58038958322
T1206720,68368.13614413611
T1206721,36291.41923545995
T1206722,34540.72734977694
T1206723,40470.94346730943
T1206724,39524.9821671932
T1206725,34441.288062552776
T1206726,40949.38002005067
T1206727,66457.10256405486
T1206728,45875.958044506704
T1206729,54654.7233226824
T1206730,56189.73590399449
T1206731,66395.06223452311
T1206732,44487.50278882448
T1206733,64015.10140093029
T1206734,42279.954163021546
T1206735,37743.568274734695
T1206736,43090.33411170648
T1206737,66057.66752546962
T1206738,53237.92976970932
T1206739,43804.96993256509
T1206740,79446.36828346028
T1206741,37486.568501304326
T1206742,48095.2282759824
T1206743,44351.38756484416
T1206744,36488.31467034663
T1206745,43394.023163043
T1206746,28845.43390204855
T1206747,27911.076734771093
T1206748,43965.60418789807
T1206749,28843.792374536017
T1206750,45762.20644043297
T1206751,37778.784264339054
T1206752,33077.54318560478
T1206753,28670.91111050968
T1206754,64088.37727260774
T1206755,43258.63647050151
T1206756,54144.636402448734
T1206757,54966.53053450043
T1206758,46024.0346862833
T1206759,56805.431280386365
T1206760,37743.568274734695
T1206761,39960.40790479408
T1206762,54436.257276403354
T1206763,43846.182594559505
T1206764,28702.942522041336
T1206765,42411.9986603756
T1206766,41288.29691088393
T1206767,36899.65638228164
T1206768,54966.53053450043
T1206769,36347.06434020012
T1206770,67014.96747059027
T1206771,43673.58125072064
T1206772,42152.30363867515
T1206773,54082.150734941206
T1206774,64198.794634896236
T1206775,42152.30363867515
T1206776,55380.55930992597
T1206777,39997.8596606552
T1206778,23178.27405719658
T1206779,36541.342954168926
T1206780,64198.794634896236
T1206781,55299.817134430945
T1206782,43205.822761767064
T1206783,64066.85940113259
T1206784,33943.168835660734
T1206785,63197.380468674535
T1206786,46856.168198915584
T1206787,47561.60501172161
T1206788,54562.38224787615
T1206789,40820.666958683636
T1206790,43652.49009261549
T1206791,54454.98841124631
T1206792,34720.41937764048
T1206793,34319.077800378844
T1206794,35111.541365290184
T1206795,34841.36066944311
T1206796,42308.31833798064
T1206797,53469.80315899068
T1206798,42805.40460814045
T1206799,44273.839943759966
T1206800,42668.220346941234
T1206801,23160.716357932277
T1206802,56218.87077279588
T1206803,36237.40301238127
T1206804,28122.122592435848
T1206805,35583.64109853449
T1206806,44325.126601156146
T1206807,43217.71552584641
T1206808,36019.98017419498
T1206809,57161.10865828315
T1206810,71229.80112453032
T1206811,81781.12043052232
T1206812,55389.72144971994
T1206813,44308.739586832926
T1206814,47374.48631448171
T1206815,33035.97735886936
T1206816,62545.682924040935
T1206817,56433.40030707095
T1206818,39298.39472211886
T1206819,44156.894179184885
T1206820,39354.16237787561
T1206821,68060.56529813539
T1206822,39134.01379352048
T1206823,44816.61050661577
T1206824,57821.2025231594
T1206825,36351.376808450055
T1206826,38845.46948362738
T1206827,41215.1989114482
T1206828,56055.03511983379
T1206829,44037.92356594874
T1206830,39686.464501758106
T1206831,56805.431280386365
T1206832,67738.93106842016
T1206833,66313.5922380219
T1206834,56653.54340949949
T1206835,43806.641950881734
T1206836,44962.37419966578
T1206837,43037.08640000704
T1206838,40741.54601807798
T1206839,43357.74990499942
T1206840,64521.40128292084
T1206841,57928.48976283564
T1206842,39524.9821671932
T1206843,27328.68121789201
T1206844,29100.00693500984
T1206845,43312.0273328055
T1206846,55524.70229385241
T1206847,44351.38756484416
T1206848,45332.04502560071
T1206849,34180.48369980379
T1206850,44217.41453355189
T1206851,28852.913979683923
T1206852,36584.219471305216
T1206853,53384.5639978379
T1206854,48164.718470812644
T1206855,33850.7557907114
T1206856,35948.58002940909
T1206857,37735.479422925186
T1206858,57318.85047074114
T1206859,46800.16633026208
T1206860,42979.91208429484
T1206861,44284.52940172486
T1206862,36954.33241223825
T1206863,32790.544019717854
T1206864,47000.335883191394
T1206865,44980.38442326574
T1206866,35528.43458565068
T1206867,39416.16136028483
T1206868,32571.02453958656
T1206869,45178.63563464371
T1206870,43826.465127281415
T1206871,29139.668597699525
T1206872,36232.768140396554
T1206873,66013.18109243602
T1206874,56037.0630304923
T1206875,23843.122962511858
T1206876,58467.97903672615
T1206877,33051.103686354494
T1206878,32683.804709846027
T1206879,42764.59698801493
T1206880,29178.70944834464
T1206881,44487.50278882448
T1206882,56545.02655102583
T1206883,22415.605682327743
T1206884,41842.04937901402
T1206885,43399.31549041083
T1206886,44156.894179184885
T1206887,36099.79133231407
T1206888,48167.32489514045
T1206889,63828.91904461455
T1206890,57124.99306816376
T1206891,36693.80099075407
T1206892,47354.4025535761
T1206893,40128.407360996374
T1206894,33278.7911587698
T1206895,42941.201251749815
T1206896,23391.65054415761
T1206897,34129.89499101014
T1206898,55951.69661878687
T1206899,43128.99351570491
T1206900,40178.936682157786
T1206901,34569.93022331559
T1206902,43032.99929760262
T1206903,43745.79208165754
T1206904,48192.218822303024
T1206905,46800.16633026208
T1206906,32859.786094302704
T1206907,43440.32791274767
T1206908,63826.171128782815
T1206909,76796.99640567893
T1206910,56783.021122538245
T1206911,57334.493979144485
T1206912,47128.500807752374
T1206913,66111.23273297201
T1206914,55727.94517686928
T1206915,52347.82492543267
T1206916,39298.39472211886
T1206917,45028.88007175343
T1206918,44782.64541431344
T1206919,54478.219354865854
T1206920,31827.658829727847
T1206921,43205.822761767064
T1206922,43037.08640000704
T1206923,46890.01559948016
T1206924,37093.00625095302
T1206925,42901.128209582785
T1206926,68420.7330474619
T1206927,43312.0273328055
T1206928,44371.38099554096
T1206929,43128.99351570491
T1206930,46489.595296148276
T1206931,41483.261947935986
T1206932,35292.1125844452
T1206933,34971.608434723035
T1206934,63828.91904461455
T1206935,29616.797702796262
T1206936,42593.214699821365
T1206937,57218.65353595812
T1206938,39322.21835782222
T1206939,47198.275225966674
T1206940,46540.863749516015
T1206941,43846.182594559505
T1206942,42455.9780490488
T1206943,41842.04937901402
T1206944,42201.79937868536
T1206945,43883.61930918657
T1206946,64391.42945496499
T1206947,43037.08640000704
T1206948,47804.50005704685
T1206949,64591.33281123828
T1206950,55556.752486101446
T1206951,43598.873383566715
T1206952,32273.04852521698
T1206953,64814.68037168774
T1206954,33982.05199397356
T1206955,34389.30328338969
T1206956,42351.65364392347
T1206957,34287.48891295319
T1206958,43806.641950881734
T1206959,42314.28176840919
T1206960,42770.59458752678
T1206961,44273.839943759966
T1206962,65945.11220094751
T1206963,29570.48306894777
T1206964,64194.28852500117
T1206965,28077.068446081026
T1206966,23821.927302652988
T1206967,38173.2356114981
T1206968,33911.764758319645
T1206969,43658.55369850781
T1206970,42201.79937868536
T1206971,35497.86092671768
T1206972,63972.58431187623
T1206973,45468.87101693128
T1206974,42849.156833637746
T1206975,39963.585801368004
T1206976,39961.69659670724
T1206977,53469.80315899068
T1206978,71244.70548188286
T1206979,55353.51519945205
T1206980,55483.72254517552
T1206981,23232.55599123678
T1206982,32360.237771590077
T1206983,43751.405745588934
T1206984,47805.635896813
T1206985,66057.83337536645
T1206986,47805.635896813
T1206987,42455.9780490488
T1206988,32267.62225466184
T1206989,45993.67893406162
T1206990,54436.257276403354
T1206991,33950.628756101905
T1206992,63375.19642961213
T1206993,41194.80220429611
T1206994,44771.5468105982
T1206995,39128.00077000682
T1206996,57334.493979144485
T1206997,37054.20267647449
T1206998,67029.3954038427
T1206999,35123.22013759562
T1207000,53237.92976970932
T1207001,79304.67253306978
T1207002,27873.957794184524
T1207003,35932.092287733154
T1207004,68435.32139829823
T1207005,43971.69092093199
T1207006,41489.163152581925
T1207007,28793.267608967883
T1207008,44432.66271245527
T1207009,37233.99194104224
T1207010,43446.37580389289
T1207011,56408.887300985545
T1207012,33604.452677214555
T1207013,43037.08640000704
T1207014,37804.19841933755
T1207015,56504.658832194014
T1207016,56433.40030707095
T1207017,22401.998379343015
T1207018,63010.39279998289
T1207019,36675.99064573139
T1207020,81574.12689783942
T1207021,64516.88312580166
T1207022,67991.37966860509
T1207023,54071.0467224738
T1207024,47236.14618318414
T1207025,64194.28852500117
T1207026,54987.34517673953
T1207027,28862.63408944341
T1207028,42012.88123008709
T1207029,39506.4525087285
T1207030,36291.41923545995
T1207031,53384.5639978379
T1207032,55951.69661878687
T1207033,45875.958044506704
T1207034,66409.41892863323
T1207035,36925.84752693178
T1207036,44487.50278882448
T1207037,36205.52010974104
T1207038,46969.63877364651
T1207039,42705.23147785397
T1207040,43832.541592801506
T1207041,40756.214370272115
T1207042,36356.87719945928
T1207043,41952.92264726217
T1207044,63826.59481780955
T1207045,47358.76008272815
T1207046,40049.037074860855
T1207047,55588.58658181911
T1207048,47773.52425813207
T1207049,57218.65353595812
T1207050,46510.32687440091
T1207051,28500.655405883834
T1207052,56756.60835868906
T1207053,63821.678969177054
T1207054,45904.728347551056
T1207055,36215.077353018896
T1207056,45178.63563464371
T1207057,39386.68078893057
T1207058,43211.85324144086
T1207059,29134.52963966507
T1207060,56037.0630304923
T1207061,76657.838561364
T1207062,47096.33216114355
T1207063,66125.5567058506
T1207064,52347.82492543267
T1207065,44325.126601156146
T1207066,37480.47062884645
T1207067,48064.152262867115
T1207068,43394.023163043
T1207069,33077.54318560478
T1207070,39196.5231624206
T1207071,37767.04765405137
T1207072,45768.424412025845
T1207073,44290.63961212604
T1207074,43312.0273328055
T1207075,37767.04765405137
T1207076,66981.73156593025
T1207077,43135.01828138287
T1207078,35271.99736657743
T1207079,34315.96676479559
T1207080,46859.35689555345
T1207081,43037.08640000704
T1207082,38213.26942716249
T1207083,58441.15161218527
T1207084,46768.117270097515
T1207085,36584.219471305216
T1207086,40684.40587149697
T1207087,34538.21853387431
T1207088,43745.79208165754
T1207089,43096.35600038251
T1207090,44223.51980993924
T1207091,32787.97530999853
T1207092,44980.38442326574
T1207093,37729.3600163648
T1207094,32857.21449680093
T1207095,36082.13516114315
T1207096,43499.41047456477
T1207097,49278.88259976296
T1207098,43598.873383566715
T1207099,64812.33709383852
T1207100,54509.722810802705
T1207101,34022.221414714906
T1207102,42901.128209582785
T1207103,39320.04686325238
T1207104,34971.608434723035
T1207105,34383.69029624182
T1207106,40648.713172556214
T1207107,56433.40030707095
T1207108,42599.19948519689
T1207109,29753.59423903001
T1207110,35954.04787364562
T1207111,37565.48813563364
T1207112,48161.10943949647
T1207113,43039.01691724562
T1207114,42545.54698266804
T1207115,34098.39899361895
T1207116,23370.66965230975
T1207117,44487.50278882448
T1207118,40094.07395082453
T1207119,48167.32489514045
T1207120,44162.995003358636
T1207121,26435.61110193381
T1207122,37352.37253870512
T1207123,29173.566824041827
T1207124,44162.995003358636
T1207125,32681.240457342406
T1207126,58729.54208889241
T1207127,57098.49568626241
T1207128,63538.65882288744
T1207129,43804.96993256509
T1207130,72898.95250193684
T1207131,36025.453800083866
T1207132,64991.67863644445
T1207133,57194.77683008595
T1207134,40426.8397588974
T1207135,56779.01296405466
T1207136,66327.93954657888
T1207137,56627.162745939175
T1207138,44968.53404797398
T1207139,46856.168198915584
T1207140,45338.481034612014
T1207141,39506.4525087285
T1207142,41150.4151444083
T1207143,27291.97698098899
T1207144,38827.11021088148
T1207145,36675.99064573139
T1207146,55468.856605421555
T1207147,43673.58125072064
T1207148,62517.87451370971
T1207149,43363.79166993851
T1207150,39268.96110769412
T1207151,63169.418080860494
T1207152,54866.677475683595
T1207153,35111.541365290184
T1207154,43304.32638368198
T1207155,34841.36066944311
T1207156,34096.430852648184
T1207157,42805.40460814045
T1207158,33337.44243214474
T1207159,43217.71552584641
T1207160,23146.8699437693
T1207161,39814.9839889223
T1207162,39854.79873696737
T1207163,36156.62243409833
T1207164,33077.54318560478
T1207165,54454.98841124631
T1207166,55265.91863495144
T1207167,42158.255346246144
T1207168,36513.02810483348
T1207169,43211.85324144086
T1207170,33655.34257344005
T1207171,35583.64109853449
T1207172,36470.55752596389
T1207173,37093.00625095302
T1207174,32403.110433884387
T1207175,35270.63716426712
T1207176,29696.0082574396
T1207177,38213.26942716249
T1207178,43166.459252392866
T1207179,64571.74918264181
T1207180,44317.16289294712
T1207181,54939.59431765742
T1207182,46519.42648545381
T1207183,57630.62672229211
T1207184,56956.41860409902
T1207185,37737.44816949654
T1207186,39926.15114633064
T1207187,42417.96987011482
T1207188,36871.19395699912
T1207189,54688.22675577323
T1207190,54939.59431765742
T1207191,36318.8297897511
T1207192,28628.413772953314
T1207193,56779.01296405466
T1207194,44162.995003358636
T1207195,67938.95885934678
T1207196,37761.69559411761
T1207197,39128.00077000682
T1207198,57794.53359849031
T1207199,44816.61050661577
T1207200,29094.87170389459
T1207201,68382.71852082257
T1207202,47778.827905168306
T1207203,34540.72734977694
T1207204,35815.651104628756
T1207205,40762.46227410744
T1207206,40406.78569711762
T1207207,42279.954163021546
T1207208,34188.947673449125
T1207209,35837.84326822946
T1207210,40169.680966206564
T1207211,63986.94685489673
T1207212,45081.701054247016
T1207213,40856.29509807604
T1207214,56779.01296405466
T1207215,66500.19799441533
T1207216,77726.1091881503
T1207217,40086.78924244916
T1207218,53116.14726990868
T1207219,46768.117270097515
T1207220,32568.46500394993
T1207221,38236.74590690318
T1207222,33278.7911587698
T1207223,47354.4025535761
T1207224,47530.71315746791
T1207225,54151.5636602716
T1207226,43258.63647050151
T1207227,43371.08623365895
T1207228,45028.88007175343
T1207229,55872.16587347882
T1207230,55098.104565744434
T1207231,40682.82476277501
T1207232,44788.7921355297
T1207233,54088.947299119776
T1207234,34174.88889336612
T1207235,39963.585801368004
T1207236,56109.26381328641
T1207237,34362.666574367024
T1207238,43673.58125072064
T1207239,44357.50268691389
T1207240,44371.38099554096
T1207241,64086.04801820079
T1207242,46412.96605228791
T1207243,43135.01828138287
T1207244,63873.81635789729
T1207245,23157.395343570395
T1207246,54620.92606610439
T1207247,54535.55171678798
T1207248,55368.98961141383
T1207249,43312.0273328055
T1207250,42027.650178040836
T1207251,28897.45164558082
T1207252,46510.32687440091
T1207253,31827.658829727847
T1207254,64588.993837923066
T1207255,29533.025267662448
T1207256,57901.794489113745
T1207257,43166.459252392866
T1207258,40648.713172556214
T1207259,42158.255346246144
T1207260,42158.255346246144
T1207261,43037.08640000704
T1207262,47198.275225966674
T1207263,33041.20459110072
T1207264,36108.363900310644
T1207265,57318.85047074114
T1207266,64759.04558855117
T1207267,39680.40641122349
T1207268,44044.015629661946
T1207269,53556.936651239965
T1207270,39303.7393974668
T1207271,64386.91614804006
T1207272,55009.763785853334
T1207273,28855.15266962394
T1207274,57794.53359849031
T1207275,47374.48631448171
T1207276,56218.87077279588
T1207277,33051.103686354494
T1207278,43846.182594559505
T1207279,41842.04937901402
T1207280,47499.86451759136
T1207281,34196.28426422943
T1207282,36757.819825167084
T1207283,55507.50400467826
T1207284,29492.447271623085
T1207285,46457.65971396018
T1207286,44314.851576211295
T1207287,55421.504537266774
T1207288,41842.04937901402
T1207289,54641.93160045998
T1207290,43096.35600038251
T1207291,48164.718470812644
T1207292,33819.39729312994
T1207293,56003.887623219176
T1207294,41220.27392314305
T1207295,37737.44816949654
T1207296,56150.49188888394
T1207297,34636.098361272154
T1207298,46746.07746860442
T1207299,48535.94336397592
T1207300,55727.94517686928
T1207301,43405.36033965262
T1207302,44325.126601156146
T1207303,67753.44181041808
T1207304,63826.59481780955
T1207305,42941.201251749815
T1207306,29709.753019680295
T1207307,46758.02785326948
T1207308,34051.16615448836
T1207309,43446.37580389289
T1207310,42668.220346941234
T1207311,37326.12154673717
T1207312,39320.18348627519
T1207313,39162.62864329164
T1207314,38831.118690061216
T1207315,44357.50268691389
T1207316,28660.419893499635
T1207317,39268.96110769412
T1207318,64852.79067309275
T1207319,36370.49944338905
T1207320,43846.182594559505
T1207321,38088.80281944072
T1207322,29169.806525976826
T1207323,71625.43677550118
T1207324,36016.943898526384
T1207325,40245.737946864945
T1207326,29016.035417235333
T1207327,53947.52497120672
T1207328,43022.241387139264
T1207329,56014.43837435757
T1207330,46367.851013983745
T1207331,43128.55806485742
T1207332,53100.14718160147
T1207333,56183.56644091725
T1207334,67445.2160201202
T1207335,43022.241387139264
T1207336,42182.07262709746
T1207337,39810.22118524565
T1207338,28546.862863651095
T1207339,65293.86579787485
T1207340,41790.27276650704
T1207341,53502.86298015288
T1207342,33866.16862009684
T1207343,32521.704153783456
T1207344,44127.51683425116
T1207345,42381.14672138814
T1207346,56916.424074411385
T1207347,38472.78203394644
T1207348,43538.051557013314
T1207349,39640.025515287714
T1207350,41223.330852529325
T1207351,56916.424074411385
T1207352,40073.1838466415
T1207353,73495.39254542343
T1207354,55357.83305019962
T1207355,52382.037632564156
T1207356,39578.390051612805
T1207357,52422.84603064543
T1207358,41496.28585005994
T1207359,35807.775201580596
T1207360,43255.97491838726
T1207361,41422.06326488138
T1207362,34594.220504953184
T1207363,42690.76257612736
T1207364,41618.77010575239
T1207365,54012.928978152864
T1207366,33330.10707819936
T1207367,33832.392795952954
T1207368,40400.344320381795
T1207369,42584.535551830224
T1207370,42188.08753142761
T1207371,28121.861566021373
T1207372,39373.72964314091
T1207373,42226.11580235453
T1207374,42344.04206624414
T1207375,34014.23955218049
T1207376,46408.81202911152
T1207377,44203.87066783517
T1207378,62424.09988005287
T1207379,43062.154012615334
T1207380,33856.652125353474
T1207381,33606.18816957223
T1207382,39387.29864361885
T1207383,41861.61915912577
T1207384,62612.10838578903
T1207385,33889.72965790544
T1207386,43612.143820048754
T1207387,37814.83982978855
T1207388,27582.07505772591
T1207389,53859.57250805454
T1207390,52312.32022455105
T1207391,43561.29835774326
T1207392,55053.1695347648
T1207393,35656.769914660246
T1207394,53133.286885183625
T1207395,40192.03030224532
T1207396,43387.59640905119
T1207397,56014.43837435757
T1207398,65350.80195126731
T1207399,38986.82798382842
T1207400,55683.375142158606
T1207401,63872.980189426235
T1207402,44349.31489220261
T1207403,44698.49951237021
T1207404,42787.44526176157
T1207405,38666.092000018776
T1207406,66951.6119887094
T1207407,47192.70984998295
T1207408,40522.79667784918
T1207409,35782.55405662921
T1207410,54492.60776424116
T1207411,52828.55840361101
T1207412,35726.43914674479
T1207413,32535.98521391494
T1207414,53780.88709831813
T1207415,46563.38749451002
T1207416,39365.61162892953
T1207417,41732.095418339675
T1207418,42794.68802527583
T1207419,43408.75042862244
T1207420,42712.21664511152
T1207421,28020.01206734718
T1207422,33253.45129671299
T1207423,53894.91159598776
T1207424,39255.09412897508
T1207425,61346.36007765072
T1207426,39932.39759670284
T1207427,40070.77189385652
T1207428,26707.22379161779
T1207429,55999.780460482325
T1207430,41990.27567668165
T1207431,66825.27022131642
T1207432,47253.33058582678
T1207433,42547.84912781615
T1207434,32475.651578615914
T1207435,42117.166486521295
T1207436,33783.32658694807
T1207437,42635.85637115629
T1207438,28331.433407979424
T1207439,46307.582060952256
T1207440,39578.390051612805
T1207441,56179.460025217275
T1207442,47208.40900589628
T1207443,42883.6891625887
T1207444,31515.275847929413
T1207445,44097.831759976245
T1207446,36757.24124717711
T1207447,43731.089792707295
T1207448,33606.18816957223
T1207449,37005.596192154684
T1207450,33852.18070066435
T1207451,42468.970222768
T1207452,42660.23536073215
T1207453,44469.29444315686
T1207454,32041.621053309027
T1207455,47775.05033121283
T1207456,42712.21664511152
T1207457,37540.547347974316
T1207458,34263.71547116688
T1207459,54876.42100288265
T1207460,43664.73150849196
T1207461,53467.1247495438
T1207462,46307.582060952256
T1207463,36183.581043430095
T1207464,40108.606527913485
T1207465,29213.221681744293
T1207466,35658.45061990063
T1207467,52249.82721922938
T1207468,43538.051557013314
T1207469,32210.308711022375
T1207470,42904.17346091097
T1207471,41358.96656428254
T1207472,34128.853097872976
T1207473,57114.22089367523
T1207474,38706.162687540585
T1207475,42965.14101702041
T1207476,63428.44121720089
T1207477,53208.134783874426
T1207478,54515.264707173155
T1207479,33726.384535993246
T1207480,42313.768122895504
T1207481,38573.08291712503
T1207482,40110.17263603056
T1207483,34570.12471284076
T1207484,39603.15378131985
T1207485,45890.0009197648
T1207486,43538.051557013314
T1207487,39892.28811895921
T1207488,44196.895737938525
T1207489,42187.241595508785
T1207490,57935.22923998097
T1207491,47262.26016367121
T1207492,43795.49855294134
T1207493,55232.668278555975
T1207494,41358.96656428254
T1207495,42584.535551830224
T1207496,34280.17383490458
T1207497,55548.5889585871
T1207498,42860.872149719165
T1207499,43093.87680068038
T1207500,42565.38517826884
T1207501,32254.163689820798
T1207502,43565.67197622231
T1207503,33414.88922316544
T1207504,37100.425067937795
T1207505,62365.52717549193
T1207506,55811.66770838914
T1207507,27987.961301944837
T1207508,36278.789150888035
T1207509,28153.564865294986
T1207510,53012.48412316255
T1207511,53241.1268697683
T1207512,45643.64154547204
T1207513,28121.861566021373
T1207514,43078.106687006955
T1207515,62743.68698056422
T1207516,71625.43677550118
T1207517,43172.999285406586
T1207518,61947.05724613914
T1207519,42607.27409981956
T1207520,36912.56313579302
T1207521,40073.1838466415
T1207522,43612.143820048754
T1207523,39444.62219744953
T1207524,62512.56108780224
T1207525,43133.07352434123
T1207526,56014.43837435757
T1207527,37232.9236290597
T1207528,56477.60952850925
T1207529,35044.33433818844
T1207530,47590.43406978607
T1207531,37874.82871255949
T1207532,29156.195400369044
T1207533,42533.68075943279
T1207534,63346.383539752824
T1207535,37278.83623518783
T1207536,52241.570757027555
T1207537,53241.1268697683
T1207538,42565.38517826884
T1207539,53275.829820451094
T1207540,56038.60634005673
T1207541,63570.33987560601
T1207542,37278.83623518783
T1207543,47096.8715507551
T1207544,42761.8839771821
T1207545,33410.1250451669
T1207546,65046.26339421397
T1207547,42533.68075943279
T1207548,46590.11254822505
T1207549,75172.23385818965
T1207550,46187.691339625344
T1207551,62406.358430617045
T1207552,46624.18409139658
T1207553,39496.60329309295
T1207554,54678.58452548322
T1207555,63419.05180783282
T1207556,46843.037504824126
T1207557,55923.089275777755
T1207558,46457.78480401265
T1207559,62833.39724638813
T1207560,45671.41798159796
T1207561,31209.501901771797
T1207562,51058.10903062319
T1207563,37854.67305202878
T1207564,42468.970222768
T1207565,32535.98521391494
T1207566,38592.85376692472
T1207567,37291.174573699034
T1207568,45233.16739427256
T1207569,51834.4376501979
T1207570,42660.23536073215
T1207571,67445.2160201202
T1207572,51809.07265901678
T1207573,29016.10553475013
T1207574,41732.095418339675
T1207575,65858.40973448458
T1207576,42635.85637115629
T1207577,42305.868888482066
T1207578,33579.51321296323
T1207579,42660.23536073215
T1207580,45954.61934923879
T1207581,37291.174573699034
T1207582,43093.87680068038
T1207583,36044.44505843065
T1207584,65070.1907273939
T1207585,53835.17905127875
T1207586,43777.44307109589
T1207587,52194.075371708306
T1207588,43270.553534223385
T1207589,61868.879002814974
T1207590,43133.07352434123
T1207591,28107.95604703042
T1207592,53376.59455559599
T1207593,42344.04206624414
T1207594,62406.358430617045
T1207595,55232.32321510698
T1207596,54876.42100288265
T1207597,28974.584638177443
T1207598,44072.85483152977
T1207599,28242.167410968348
T1207600,45834.14506660634
T1207601,35971.69797097221
T1207602,46877.446081076894
T1207603,63010.72641263188
T1207604,43688.76064044864
T1207605,43216.52759240809
T1207606,33644.86529155764
T1207607,78950.35201908299
T1207608,54426.50095054628
T1207609,36363.73603404451
T1207610,31793.247095327653
T1207611,28416.91512337754
T1207612,33517.57725581852
T1207613,38707.20228798255
T1207614,43779.50184585927
T1207615,46877.446081076894
T1207616,44153.24177149652
T1207617,46363.409778321904
T1207618,35378.336801724356
T1207619,26825.64684387512
T1207620,54657.806194703626
T1207621,32735.473913038644
T1207622,52364.44022347471
T1207623,33575.03123190544
T1207624,40959.64886033579
T1207625,62612.10838578903
T1207626,61227.472099701896
T1207627,38472.78203394644
T1207628,37275.108485122495
T1207629,41597.576476112205
T1207630,54944.77960572567
T1207631,45671.41798159796
T1207632,46729.12464270669
T1207633,67573.6091911185
T1207634,56034.83717386942
T1207635,55182.732058553614
T1207636,66845.23421801525
T1207637,35968.6030485414
T1207638,66953.03369986953
T1207639,42848.512969260904
T1207640,54042.928161579504
T1207641,40565.71722388489
T1207642,42013.02979350901
T1207643,42471.76780336358
T1207644,41712.601641845555
T1207645,34428.10405857851
T1207646,65431.63993689501
T1207647,42468.970222768
T1207648,43731.089792707295
T1207649,55070.79668879491
T1207650,35720.672324772815
T1207651,63176.351081698616
T1207652,54452.42383254537
T1207653,42883.6891625887
T1207654,38457.14581769391
T1207655,54493.10938857013
T1207656,41866.96615265121
T1207657,36632.25225115205
T1207658,62451.39217736676
T1207659,76039.04951537451
T1207660,44097.831759976245
T1207661,65984.05045233713
T1207662,70169.07173259194
T1207663,41990.76939866868
T1207664,44288.83502434131
T1207665,43795.49855294134
T1207666,40585.46404176823
T1207667,29093.054366998545
T1207668,46614.20830326198
T1207669,39431.48635389362
T1207670,45174.74861633523
T1207671,33102.9237364748
T1207672,46068.16994595779
T1207673,27366.55295727446
T1207674,77210.48028144563
T1207675,53114.79931808162
T1207676,53020.85067842522
T1207677,41732.095418339675
T1207678,64724.21287803579
T1207679,42407.37739153176
T1207680,55232.668278555975
T1207681,55966.20595367599
T1207682,31880.57283203351
T1207683,42224.87628771836
T1207684,53843.91036938628
T1207685,51898.23831056031
T1207686,36918.508175698
T1207687,27837.289996408676
T1207688,50891.92374493528
T1207689,60466.7260737574
T1207690,43048.2885152784
T1207691,43536.85862034803
T1207692,36480.77000550015
T1207693,42315.483841612724
T1207694,52664.674280372645
T1207695,41857.16155969802
T1207696,54611.714099767254
T1207697,32685.53910609647
T1207698,41365.36237019339
T1207699,60629.82346095402
T1207700,42041.21140287812
T1207701,66427.61282360718
T1207702,46358.25428920442
T1207703,38643.31089838852
T1207704,37779.57773332015
T1207705,44428.923816755145
T1207706,28495.03905329573
T1207707,52555.50129734484
T1207708,36981.22409642131
T1207709,42790.7156346996
T1207710,41041.03422289759
T1207711,31781.497588386836
T1207712,41806.556261618214
T1207713,41915.365486005154
T1207714,54833.839278331085
T1207715,42289.93483576857
T1207716,71146.04230370787
T1207717,30939.949301795532
T1207718,50453.73650209873
T1207719,52232.645808959176
T1207720,26771.855789448102
T1207721,34246.12148542066
T1207722,46885.34076394459
T1207723,55387.18468539129
T1207724,36904.77303776902
T1207725,65721.68174257164
T1207726,76311.21174487886
T1207727,50609.202509949864
T1207728,28659.674209329893
T1207729,32081.13138137537
T1207730,39790.19502459849
T1207731,55050.604215028216
T1207732,28527.99719026395
T1207733,34238.46893222131
T1207734,39374.97970680208
T1207735,62785.49787354029
T1207736,72646.47805976009
T1207737,52226.92920436525
T1207738,64775.264607970625
T1207739,39037.37876064092
T1207740,41637.57031265844
T1207741,33192.37929497852
T1207742,41222.23615871362
T1207743,39674.699890763484
T1207744,52549.072736699156
T1207745,37606.89948388666
T1207746,41723.09647567157
T1207747,30372.187474637118
T1207748,28646.190407510676
T1207749,61491.408485561245
T1207750,42321.39769647678
T1207751,43312.70973838442
T1207752,27477.32470501134
T1207753,40380.73265404337
T1207754,44960.76849786446
T1207755,54828.02932060031
T1207756,52389.12432741948
T1207757,52140.037279248696
T1207758,34765.55557367452
T1207759,27530.68829702388
T1207760,66554.97095478761
T1207761,34080.494427351936
T1207762,38694.10299958735
T1207763,27614.047936712544
T1207764,42315.483841612724
T1207765,36969.837352954804
T1207766,62309.43638794778
T1207767,55050.604215028216
T1207768,42894.75078275799
T1207769,54977.00428870882
T1207770,52005.534540259556
T1207771,27521.07296476653
T1207772,41761.54192322004
T1207773,52389.12432741948
T1207774,35588.852536016006
T1207775,51407.9142559633
T1207776,35273.99686053422
T1207777,62131.68614635302
T1207778,42346.47513817718
T1207779,41355.47214244369
T1207780,53718.452656210815
T1207781,33260.072740326475
T1207782,54687.34973978289
T1207783,33643.54912413815
T1207784,41813.971168440636
T1207785,63319.38485903785
T1207786,41149.34111602997
T1207787,54276.49963300843
T1207788,40720.109966954165
T1207789,43064.14236260918
T1207790,41646.55281248063
T1207791,57044.45293342253
T1207792,46640.623277258994
T1207793,41444.13253910175
T1207794,31681.200689396705
T1207795,44865.98129341997
T1207796,31302.134017296692
T1207797,42699.145956528766
T1207798,28471.591903214125
T1207799,32865.371863630266
T1207800,36021.66547773411
T1207801,30946.92899236861
T1207802,43307.04368516553
T1207803,45581.67102918221
T1207804,42424.42143260874
T1207805,61179.99192503346
T1207806,46477.5408283016
T1207807,42072.541634592366
T1207808,55144.62300630196
T1207809,38839.28721593862
T1207810,41591.92660618926
T1207811,27685.165064313882
T1207812,42699.145956528766
T1207813,42289.93483576857
T1207814,42079.98163102768
T1207815,41663.5548730067
T1207816,51345.48134647241
T1207817,38880.67848519418
T1207818,33678.61172681695
T1207819,39281.47293420324
T1207820,38032.598724804164
T1207821,75326.6590570126
T1207822,41505.42888791322
T1207823,33027.09707371899
T1207824,35811.54911831152
T1207825,52502.84563212295
T1207826,62259.01825038018
T1207827,53463.751927378195
T1207828,53100.45408730339
T1207829,37964.39061618275
T1207830,42242.37202981017
T1207831,40720.109966954165
T1207832,56180.41794171194
T1207833,41761.54192322004
T1207834,31721.112906529994
T1207835,34013.814327165586
T1207836,42700.33672440538
T1207837,27604.520287793002
T1207838,43405.15793210103
T1207839,41857.16155969802
T1207840,28560.05906506441
T1207841,36716.30254222728
T1207842,39054.07822976323
T1207843,41069.52196118266
T1207844,42123.41023541137
T1207845,53601.725981330375
T1207846,33472.97744900263
T1207847,44990.61053597189
T1207848,31147.07730228948
T1207849,27843.371066575404
T1207850,41404.28311701024
T1207851,27439.428308621205
T1207852,61468.86468946675
T1207853,54728.198972183825
T1207854,46135.21932329689
T1207855,37014.675606418874
T1207856,51184.55581960822
T1207857,53744.466322065644
T1207858,54923.41340408568
T1207859,35683.44719976397
T1207860,62096.022577751755
T1207861,61225.29082664518
T1207862,61179.99192503346
T1207863,45834.80649928391
T1207864,45859.689783144735
T1207865,45299.985163965954
T1207866,45616.45767175439
T1207867,74639.1698218799
T1207868,41979.740803979956
T1207869,45178.45642456447
T1207870,41915.365486005154
T1207871,42072.541634592366
T1207872,34686.14320399347
T1207873,49732.56833150909
T1207874,52940.26609270397
T1207875,37540.55754215167
T1207876,38831.32006524688
T1207877,30631.868049928635
T1207878,63829.91698052975
T1207879,41551.60372145984
T1207880,41763.60875111057
T1207881,54411.57963686536
T1207882,62084.185473046775
T1207883,31946.98303648622
T1207884,60902.07023719683
T1207885,32740.845477843744
T1207886,31721.91357745552
T1207887,41714.4887806492
T1207888,45789.16587894939
T1207889,46579.72626653204
T1207890,53286.985802461684
T1207891,36546.79435991281
T1207892,34864.06931230104
T1207893,36946.7595033595
T1207894,54172.63977306462
T1207895,33129.68680392229
T1207896,45741.10799794287
T1207897,28702.683428062082
T1207898,39294.211493688475
T1207899,31436.53388148459
T1207900,45547.47044659965
T1207901,29961.62705447285
T1207902,26277.809010294575
T1207903,41724.570087586966
T1207904,41915.365486005154
T1207905,31969.68462874837
T1207906,43707.38486986144
T1207907,42875.09115847317
T1207908,51563.554000280004
T1207909,50956.120034791
T1207910,41932.77610364388
T1207911,42388.627133844035
T1207912,33550.39514080657
T1207913,46072.49871894731
T1207914,37014.675606418874
T1207915,42824.52074668887
T1207916,52645.28732067087
T1207917,47084.91275005921
T1207918,54413.092563087404
T1207919,38663.6891148064
T1207920,38612.37248240639
T1207921,26160.681662801308
T1207922,46210.78596038088
T1207923,40814.634693345884
T1207924,39692.90609839318
T1207925,26543.339032501222
T1207926,41988.53086126567
T1207927,41018.21355806682
T1207928,46519.56750349041
T1207929,42241.10808690701
T1207930,37702.5449623594
T1207931,38045.198361236544
T1207932,41418.67291261757
T1207933,61193.34368621468
T1207934,33131.92972621833
T1207935,41981.36109622723
T1207936,44911.4981435284
T1207937,65848.31748730638
T1207938,43962.398800241426
T1207939,39532.43161262242
T1207940,41944.28570970229
T1207941,35019.715782276704
T1207942,65937.99657173757
T1207943,35300.53648659189
T1207944,35209.945793048435
T1207945,53568.35803663691
T1207946,31730.845660231134
T1207947,45679.196552557194
T1207948,37617.047755438354
T1207949,33970.66790554637
T1207950,60021.23888974789
T1207951,33336.91785218659
T1207952,27942.717742690733
T1207953,42172.06705064737
T1207954,53008.10531847886
T1207955,71146.04230370787
T1207956,78341.45542072237
T1207957,45745.51738233332
T1207958,63797.93011389706
T1207959,53082.17967974145
T1207960,40741.064314159885
T1207961,33868.15775173163
T1207962,61644.133463040715
T1207963,42427.67021104573
T1207964,54104.79367732734
T1207965,41813.971168440636
T1207966,43533.19461087309
T1207967,45838.421942826884
T1207968,34970.15428940534
T1207969,53069.003198938815
T1207970,37912.26288953053
T1207971,64162.82976207703
T1207972,39239.093710670604
T1207973,40997.18339573931
T1207974,38694.408615039494
T1207975,39128.20701097897
T1207976,53853.59419701969
T1207977,41041.03422289759
T1207978,35171.01943858448
T1207979,60778.53287084391
T1207980,42593.966106679836
T1207981,52923.38415813536
T1207982,41932.77610364388
T1207983,42824.52074668887
T1207984,53200.21283867884
T1207985,27429.101183060637
T1207986,43452.56292580001
T1207987,53292.75956649488
T1207988,31781.497588386836
T1207989,46009.553572853874
T1207990,41470.18388228519
T1207991,54639.47135159481
T1207992,46106.24134401591
T1207993,38316.53164914974
T1207994,38663.14292631805
T1207995,32415.372507590593
T1207996,64082.83079713882
T1207997,41591.92660618926
T1207998,29280.948768934642
T1207999,43282.30636895642
T1208000,33290.82992800917
T1208001,41041.03422289759
T1208002,63765.3611854888
T1208003,27477.32470501134
T1208004,35428.29607607619
T1208005,55023.191573293116
T1208006,35587.102902117374
T1208007,42533.636720770606
T1208008,62566.05644514028
T1208009,52117.08255585286
T1208010,53928.851322055634
T1208011,51301.57757127201
T1208012,27312.450814783828
T1208013,40653.1200640296
T1208014,33698.060186376315
T1208015,42699.145956528766
T1208016,32835.996132000284
T1208017,37500.900762223995
T1208018,56409.12953496804
T1208019,41724.570087586966
T1208020,65808.24961404486
T1208021,30735.233049289705
T1208022,43390.519761458825
T1208023,43336.44406276665
T1208024,35233.02797999559
T1208025,54276.49963300843
T1208026,42790.7156346996
T1208027,69852.40778289342
T1208028,60959.90694097424
T1208029,55877.825184477486
T1208030,51581.00754636501
T1208031,43307.04368516553
T1208032,42371.37520534097
T1208033,42714.795761144844
T1208034,33197.70171815777
T1208035,55877.825184477486
T1208036,41375.08045722428
T1208037,27027.31759112467
T1208038,52098.78418977782
T1208039,38859.72040725277
T1208040,46210.78596038088
T1208041,42219.01465826109
T1208042,42875.09115847317
T1208043,38839.28721593862
T1208044,39294.211493688475
T1208045,36725.53395333496
T1208046,61295.33628523984
T1208047,55285.653958689894
T1208048,44204.72078370304
T1208049,54072.90656807023
T1208050,27753.55900229723
T1208051,37011.81627273522
T1208052,38112.15358216611
T1208053,42400.87852205929
T1208054,61769.60704656225
T1208055,52463.90143802876
T1208056,29131.1101205259
T1208057,38788.30060367764
T1208058,46048.190599526235
T1208059,62663.522845837106
T1208060,42911.432153426256
T1208061,28874.057876466308
T1208062,32192.081257350183
T1208063,54989.00247351634
T1208064,27994.11413590573
T1208065,61823.72802120448
T1208066,31552.130748977954
T1208067,45628.025208520936
T1208068,31486.919741819223
T1208069,32049.23871618151
T1208070,26384.984546069812
T1208071,27616.499226992197
T1208072,41612.18668140073
T1208073,46302.19260197261
T1208074,54453.758510138585
T1208075,38912.66118423083
T1208076,53036.39796251977
T1208077,33478.16697092286
T1208078,54534.11795642007
T1208079,30163.413455263282
T1208080,55013.02297252028
T1208081,35954.485402577644
T1208082,43886.380264285755
T1208083,29916.467137823267
T1208084,51398.35966371007
T1208085,26657.616036312775
T1208086,35262.39353692947
T1208087,42667.663362609586
T1208088,61428.834482662925
T1208089,61918.029176737095
T1208090,27552.751369149126
T1208091,41163.91376903535
T1208092,33938.16260675437
T1208093,38990.95970019278
T1208094,54441.732475551435
T1208095,38060.982256670926
T1208096,53253.330230052474
T1208097,53337.23244063882
T1208098,35217.25307594902
T1208099,54395.40211166178
T1208100,42911.432153426256
T1208101,55330.37109727522
T1208102,41960.470309665456
T1208103,46741.785676185806
T1208104,37011.81627273522
T1208105,34687.15731632879
T1208106,33402.03384100642
T1208107,47264.27818756892
T1208108,59474.61399333271
T1208109,56069.58800026201
T1208110,34807.15130459946
T1208111,31998.54143052697
T1208112,46038.738045893166
T1208113,54630.033383682545
T1208114,32953.794580340524
T1208115,33230.824164932405
T1208116,53300.54004362784
T1208117,33816.58368417493
T1208118,42962.057190335494
T1208119,43244.22647304086
T1208120,41993.28055830271
T1208121,43866.44424958051
T1208122,33304.42711829709
T1208123,34510.32420488135
T1208124,51603.963027036916
T1208125,64271.59168237665
T1208126,41885.52294432997
T1208127,33638.96694848759
T1208128,42350.54580393843
T1208129,66071.33844857887
T1208130,46402.841213510554
T1208131,41794.47115002711
T1208132,34081.05488311343
T1208133,34953.8086813584
T1208134,28674.477586612866
T1208135,78373.45790042706
T1208136,40973.79985343697
T1208137,41511.36271901263
T1208138,39023.44624347222
T1208139,40758.533819503704
T1208140,42818.4827726989
T1208141,46990.434806812525
T1208142,43593.1686251465
T1208143,28565.217777608344
T1208144,27809.867281811727
T1208145,42785.92180581214
T1208146,54467.19019018961
T1208147,54180.79850559123
T1208148,42423.45030219406
T1208149,62141.91119292131
T1208150,61486.93704873732
T1208151,42785.92180581214
T1208152,43676.14321357982
T1208153,66323.25392632025
T1208154,33478.16697092286
T1208155,51578.61260194899
T1208156,31380.03402917567
T1208157,63767.45296173575
T1208158,44247.74420369538
T1208159,42289.267660722755
T1208160,33767.2920548581
T1208161,41767.87785812471
T1208162,63372.06775685521
T1208163,51840.16329339997
T1208164,30849.731053668154
T1208165,27081.880294009283
T1208166,41090.53347062138
T1208167,53478.67445759809
T1208168,35618.16974720138
T1208169,34812.42458635881
T1208170,54727.67986127617
T1208171,39197.04863361921
T1208172,45885.07556071385
T1208173,33446.02412791117
T1208174,43031.498645598636
T1208175,34068.85410539777
T1208176,34980.37685406691
T1208177,33060.07562907885
T1208178,54727.67986127617
T1208179,33916.92070990257
T1208180,34326.19599360299
T1208181,34802.039257767356
T1208182,35154.01173591386
T1208183,26548.39027262977
T1208184,28060.783893888205
T1208185,54101.028963366436
T1208186,46033.71622928639
T1208187,33818.254337440005
T1208188,41612.18668140073
T1208189,41734.78063025672
T1208190,53494.14109560279
T1208191,27924.45864401855
T1208192,46741.785676185806
T1208193,53385.76989623224
T1208194,56533.348023429586
T1208195,33487.73888642125
T1208196,36682.41010415624
T1208197,29523.545652778517
T1208198,41511.727373452326
T1208199,39496.48357486572
T1208200,31396.439227815797
T1208201,42706.327387481935
T1208202,41884.82915884823
T1208203,43495.45412489213
T1208204,35269.16175204346
T1208205,43387.79044671055
T1208206,34687.15731632879
T1208207,26638.444341523355
T1208208,30355.136597972953
T1208209,39154.61986694803
T1208210,61677.536878087
T1208211,46646.96475292343
T1208212,38992.432606668815
T1208213,34687.15731632879
T1208214,41099.73620181352
T1208215,34963.14155441204
T1208216,61553.27110276557
T1208217,65176.39759216353
T1208218,42253.68640358267
T1208219,53920.6162178278
T1208220,37709.781684279274
T1208221,27888.110384183314
T1208222,27795.243007269703
T1208223,41312.74361909564
T1208224,37163.43266537468
T1208225,31161.15387356805
T1208226,36039.38086541607
T1208227,35950.058381438714
T1208228,71334.78246241059
T1208229,34807.15130459946
T1208230,53475.01283308941
T1208231,66757.34228991569
T1208232,38819.31400910362
T1208233,22768.57018711628
T1208234,35116.66379279601
T1208235,37087.734152000165
T1208236,42314.81645190534
T1208237,41820.15297615625
T1208238,53738.68204815594
T1208239,35391.00321632603
T1208240,29170.948765902867
T1208241,43008.93363299559
T1208242,27682.583918997574
T1208243,45825.80108811267
T1208244,52374.03026638275
T1208245,43363.02857066656
T1208246,29993.184819740505
T1208247,52869.21122153274
T1208248,43382.88622389666
T1208249,51832.87267178893
T1208250,26944.220752222507
T1208251,61918.029176737095
T1208252,64134.88442112025
T1208253,35371.35437853844
T1208254,52618.90959461244
T1208255,52869.21122153274
T1208256,34811.35052581581
T1208257,46302.19260197261
T1208258,37709.781684279274
T1208259,36680.11557391906
T1208260,42314.81645190534
T1208261,61054.49219099042
T1208262,46654.49551371953
T1208263,53079.576393229894
T1208264,37838.36552425386
T1208265,39648.438700140985
T1208266,42454.79074129591
T1208267,55337.42055934706
T1208268,60847.58730939928
T1208269,42408.11432471493
T1208270,46348.813175127776
T1208271,35618.16974720138
T1208272,27547.455037242977
T1208273,27692.22926380166
T1208274,40531.45518588493
T1208275,26293.53364014208
T1208276,22606.299903543626
T1208277,66134.82221877793
T1208278,45131.28797821679
T1208279,64182.86618269548
T1208280,40832.12099296801
T1208281,55474.06832713828
T1208282,23267.13620511254
T1208283,62386.375234944484
T1208284,35682.44667684065
T1208285,76291.94261146043
T1208286,37874.05865638921
T1208287,42458.14633735237
T1208288,55676.62486325952
T1208289,39458.054427771116
T1208290,23358.236688981204
T1208291,63139.13606784468
T1208292,34304.480353159706
T1208293,34068.08645347082
T1208294,56658.76061033615
T1208295,36697.98526930251
T1208296,72983.20749018932
T1208297,52706.22552276991
T1208298,65176.39759216353
T1208299,39034.49062831132
T1208300,41679.20301383654
T1208301,27837.09708091621
T1208302,41269.21059767757
T1208303,61769.60704656225
T1208304,39728.294135621836
T1208305,31581.69164807664
T1208306,52907.31747540735
T1208307,54675.47443357532
T1208308,40673.61690216191
T1208309,46348.813175127776
T1208310,64199.63916583154
T1208311,33605.6294368781
T1208312,64841.36035376986
T1208313,38992.432606668815
T1208314,22817.669248569986
T1208315,30356.70644359144
T1208316,42785.92180581214
T1208317,34701.20807866616
T1208318,30869.273224800203
T1208319,30885.47202268988
T1208320,39785.52309531025
T1208321,43648.658649537705
T1208322,52445.53830760152
T1208323,32107.044462795307
T1208324,56069.58800026201
T1208325,66110.53260420948
T1208326,28928.768382264294
T1208327,47064.30121584547
T1208328,26844.790405263637
T1208329,47129.66503346133
T1208330,37100.63309779461
T1208331,52047.83373915872
T1208332,65939.93649809927
T1208333,43432.10701781463
T1208334,43847.22605107762
T1208335,28830.91202177044
T1208336,39377.19544936678
T1208337,32904.799649487526
T1208338,34147.218427753935
T1208339,42039.98629941516
T1208340,30841.319938044202
T1208341,50145.39210321429
T1208342,34687.15731632879
T1208343,41163.91376903535
T1208344,37656.46057154699
T1208345,34912.489222885546
T1208346,53888.47318051302
T1208347,42201.37040866477
T1208348,43644.5545429892
T1208349,61102.97771060274
T1208350,62820.76810521964
T1208351,35480.002759207426
T1208352,33351.04094853142
T1208353,41527.99067447786
T1208354,36236.722322087175
T1208355,46612.24017180809
T1208356,41163.91376903535
T1208357,35664.846720817375
T1208358,34675.7480489275
T1208359,54851.174530533826
T1208360,64134.88442112025
T1208361,43015.65120107043
T1208362,37034.89225621094
T1208363,37663.01179341178
T1208364,31986.711785732597
T1208365,29665.809150130022
T1208366,31689.634756603027
T1208367,53517.26426808564
T1208368,27568.145705733838
T1208369,63442.391315721594
T1208370,64270.405120960044
T1208371,53022.20262131893
T1208372,38671.813113967444
T1208373,35116.66379279601
T1208374,51461.254498047325
T1208375,54859.15067259262
T1208376,46076.881901948625
T1208377,38702.776884373474
T1208378,34218.3645309728
T1208379,37581.609776917845
T1208380,39190.57992201982
T1208381,34749.440924611255
T1208382,61106.41077664105
T1208383,75103.77218917293
T1208384,54834.0220058716
T1208385,39243.093626181944
T1208386,62568.498913818
T1208387,25814.430836778352
T1208388,64554.29674560172
T1208389,64199.63916583154
T1208390,41593.190626995485
T1208391,53436.613258966645
T1208392,42117.883408645044
T1208393,45349.06522137763
T1208394,54559.99568601585
T1208395,64258.14807031843
T1208396,28054.677576868333
T1208397,36972.127854225524
T1208398,52917.450697033746
T1208399,42106.622598666
T1208400,29256.762938627464
T1208401,44086.98324808766
T1208402,31196.410764532
T1208403,53036.39796251977
T1208404,44559.20040517227
T1208405,43607.20109210212
T1208406,45042.98789441837
T1208407,28588.70595655567
T1208408,26571.91820752972
T1208409,66625.21505470747
T1208410,37926.95747067202
T1208411,41927.892047536334
T1208412,26817.570717988885
T1208413,55073.69854677348
T1208414,38110.38444570645
T1208415,51301.73280708582
T1208416,46691.30484556493
T1208417,53636.11715430528
T1208418,42656.72190872833
T1208419,32351.621655370323
T1208420,44590.21153355812
T1208421,28018.8816976969
T1208422,38703.23218635553
T1208423,31580.43392566432
T1208424,54880.764881742245
T1208425,56628.45922008107
T1208426,56305.68503528176
T1208427,55277.03660198236
T1208428,53664.98967402973
T1208429,36236.21966963232
T1208430,27707.488558674617
T1208431,42296.67635633938
T1208432,57063.01114607739
T1208433,55570.000053993535
T1208434,32726.863024012033
T1208435,35340.65487915306
T1208436,32186.529292705658
T1208437,28257.821631009752
T1208438,44849.78132192981
T1208439,46228.87516097228
T1208440,64691.1335232452
T1208441,41717.539049435196
T1208442,41385.31775494055
T1208443,31462.377440977376
T1208444,34993.81422876804
T1208445,64562.04760858195
T1208446,53559.46630524205
T1208447,30821.120895037882
T1208448,35082.7492534228
T1208449,34701.00818669185
T1208450,31950.88453004972
T1208451,56305.68503528176
T1208452,52770.59550762812
T1208453,38200.64293250886
T1208454,26660.72987724365
T1208455,52892.24810143712
T1208456,35118.33961258362
T1208457,66015.36610971882
T1208458,37902.92598302834
T1208459,30257.674402245182
T1208460,62527.63943409835
T1208461,44599.87745315115
T1208462,34179.51454481828
T1208463,41649.32176215155
T1208464,29249.762962264973
T1208465,51960.975482726346
T1208466,43358.77130012452
T1208467,35650.73871927739
T1208468,62157.05850479771
T1208469,53113.47488647859
T1208470,45931.4823885744
T1208471,54477.86846683324
T1208472,45084.743941322384
T1208473,46885.565677146275
T1208474,43339.18714590459
T1208475,29289.68792671054
T1208476,38504.8056259387
T1208477,39189.967918031194
T1208478,44634.34675811073
T1208479,46976.60760564379
T1208480,39064.102059965706
T1208481,31544.287372168794
T1208482,54854.66951362807
T1208483,33516.92578116173
T1208484,23501.269875204995
T1208485,29526.010563081836
T1208486,27931.362801273415
T1208487,34841.70232078224
T1208488,30679.958873617154
T1208489,35118.33961258362
T1208490,26792.29449781302
T1208491,31807.02684273278
T1208492,38184.9667071438
T1208493,32123.8597725693
T1208494,52780.02892605712
T1208495,52568.90401870372
T1208496,61017.09816344111
T1208497,30553.545676700025
T1208498,23571.92374607179
T1208499,34253.78575661571
T1208500,35135.61561556714
T1208501,42483.369028791894
T1208502,35082.99082503157
T1208503,37849.45952941489
T1208504,37978.49360724082
T1208505,43651.94158854938
T1208506,65121.31153963952
T1208507,35340.65487915306
T1208508,30962.32630936557
T1208509,35104.460083218044
T1208510,26626.889239849806
T1208511,31864.98243385102
T1208512,53258.73363585408
T1208513,35766.94674968214
T1208514,31640.97747138534
T1208515,55721.3246920883
T1208516,46148.21163089925
T1208517,46228.87516097228
T1208518,38985.3716039059
T1208519,44235.0393554658
T1208520,34754.217112386345
T1208521,34878.52668885293
T1208522,30483.930991180492
T1208523,46595.597522640004
T1208524,34039.82225846709
T1208525,54864.60183243612
T1208526,54082.7044754466
T1208527,35239.877885791786
T1208528,37902.92598302834
T1208529,26746.58003493859
T1208530,27663.582652144196
T1208531,32640.640591666932
T1208532,46039.11119071847
T1208533,52833.9683203012
T1208534,39180.7122194343
T1208535,36052.17324007185
T1208536,34841.70232078224
T1208537,35418.33614887425
T1208538,35502.97310293208
T1208539,36330.90587828264
T1208540,52361.61551427415
T1208541,34841.70232078224
T1208542,43076.013853303986
T1208543,53407.987485278376
T1208544,40652.92177933376
T1208545,43582.20041165103
T1208546,54416.11952584995
T1208547,31677.18298181304
T1208548,27931.362801273415
T1208549,55277.03660198236
T1208550,47301.34295275823
T1208551,36448.12247985025
T1208552,28586.798127919483
T1208553,32782.20661395234
T1208554,53118.28979468932
T1208555,52473.70703166722
T1208556,45492.05608723497
T1208557,43471.30588819358
T1208558,44061.88114229684
T1208559,44167.50911348019
T1208560,33614.8412184211
T1208561,64461.48027029133
T1208562,26564.915885165297
T1208563,37714.424179058165
T1208564,42444.29865312236
T1208565,44438.43573108337
T1208566,27919.923747065728
T1208567,34883.36442971026
T1208568,30718.011846227742
T1208569,28568.001416106938
T1208570,41937.038804435244
T1208571,64526.41040723054
T1208572,38716.42247701337
T1208573,36153.43170859728
T1208574,33614.8412184211
T1208575,35364.8685091917
T1208576,23406.72767242229
T1208577,35108.9846948619
T1208578,46272.323366727716
T1208579,31065.311219895782
T1208580,26546.701777224727
T1208581,22751.529404672325
T1208582,42383.93934753628
T1208583,64549.76096241641
T1208584,35721.03191134126
T1208585,66921.64487306432
T1208586,22086.100558118636
T1208587,51818.72557174776
T1208588,27953.13801071161
T1208589,31312.826933515003
T1208590,35576.013644904124
T1208591,64461.48027029133
T1208592,34890.74890390555
T1208593,43984.18837891252
T1208594,31603.911591545282
T1208595,31029.45952281708
T1208596,30039.97259119109
T1208597,30604.502961336806
T1208598,27615.185220816824
T1208599,33714.859186300724
T1208600,35493.131119402206
T1208601,22780.709530485467
T1208602,30963.72300032518
T1208603,45926.870611128485
T1208604,35650.73871927739
T1208605,28160.221345684018
T1208606,23528.94541611258
T1208607,63423.80965812775
T1208608,55035.81565804054
T1208609,33939.291603865866
T1208610,28851.708467395838
T1208611,37608.160749943156
T1208612,34830.266003776596
T1208613,44354.05056947078
T1208614,35742.593652083226
T1208615,52159.508764963786
T1208616,35239.877885791786
T1208617,26906.818426981725
T1208618,27059.770864159287
T1208619,43598.15868181555
T1208620,43957.28068137463
T1208621,66364.61810148656
T1208622,41982.69630216612
T1208623,36300.074730728134
T1208624,30336.67527790795
T1208625,34028.08537772016
T1208626,34258.01426928849
T1208627,27516.43294859906
T1208628,35721.03191134126
T1208629,65457.11755989592
T1208630,30210.34242920209
T1208631,35082.99082503157
T1208632,34028.08537772016
T1208633,43028.38888203404
T1208634,35846.017906997185
T1208635,37190.746279358864
T1208636,22976.363807632722
T1208637,35766.94674968214
T1208638,53369.598624046375
T1208639,25934.85283631393
T1208640,54640.72865263084
T1208641,30535.596299572248
T1208642,63627.757483794325
T1208643,51479.41013436323
T1208644,31475.200335524398
T1208645,37841.75789731244
T1208646,36141.6306966421
T1208647,34529.680546309326
T1208648,53288.21802095106
T1208649,35745.558986710836
T1208650,39592.24706387564
T1208651,27340.03516248384
T1208652,33478.39041857565
T1208653,56878.95151438303
T1208654,31499.354836834762
T1208655,26660.72987724365
T1208656,64668.24265397094
T1208657,28235.361953290136
T1208658,71537.61808405511
T1208659,27646.13216793847
T1208660,35286.11950675132
T1208661,35379.89192695226
T1208662,66340.28356496333
T1208663,44438.43573108337
T1208664,34341.84619661686
T1208665,34961.98054474362
T1208666,33781.37627405141
T1208667,53648.381292254955
T1208668,38250.14156501078
T1208669,30284.53216876146
T1208670,46748.75069770673
T1208671,23429.72703518494
T1208672,35809.54074553645
T1208673,34961.98054474362
T1208674,45846.13935015143
T1208675,35809.54074553645
T1208676,32186.529292705658
T1208677,34830.266003776596
T1208678,30963.72300032518
T1208679,44172.31570559397
T1208680,22710.81482098859
T1208681,51602.391264410544
T1208682,22580.526977810285
T1208683,45811.3872324135
T1208684,53754.253074371765
T1208685,37841.75789731244
T1208686,34931.73192518821
T1208687,31765.833418229704
T1208688,28093.425784058963
T1208689,41863.519929253474
T1208690,35297.376316183305
T1208691,46281.91123297055
T1208692,44507.18943796127
T1208693,29963.1911505232
T1208694,34967.266307071885
T1208695,42433.95617077966
T1208696,59672.409227820106
T1208697,44455.278047279884
T1208698,66622.56837256883
T1208699,38244.1358058214
T1208700,63698.2319934495
T1208701,35198.772627415055
T1208702,53976.19207051941
T1208703,32237.80373350503
T1208704,45958.37734745583
T1208705,34841.70232078224
T1208706,61974.53140507334
T1208707,31141.235243967672
T1208708,46148.21163089925
T1208709,34691.94681357511
T1208710,44672.06235030845
T1208711,66722.36597992294
T1208712,34425.16319541562
T1208713,34437.30053870007
T1208714,55685.26764818491
T1208715,30077.55657470446
T1208716,34028.08537772016
T1208717,35723.32791562288
T1208718,45339.92460099968
T1208719,55867.26116319773
T1208720,45958.37734745583
T1208721,32270.512129909257
T1208722,32798.24435431449
T1208723,52833.9683203012
T1208724,36938.97214757043
T1208725,55338.42405375802
T1208726,64658.64215781851
T1208727,55138.41161622726
T1208728,22892.60907174442
T1208729,29668.280379634794
T1208730,28072.106946540815
T1208731,55047.00773579836
T1208732,53258.73363585408
T1208733,54004.53947310254
T1208734,53664.98967402973
T1208735,61974.53140507334
T1208736,45990.82961045248
T1208737,34691.94681357511
T1208738,27900.347277192643
T1208739,34961.98054474362
T1208740,36594.0160382639
T1208741,30935.04243382545
T1208742,31475.200335524398
T1208743,46906.74305784907
T1208744,31120.715581882538
T1208745,54283.979566782175
T1208746,28154.103512060316
T1208747,35635.38521391165
T1208748,32915.12369734694
T1208749,27893.83750746797
T1208750,34984.4769952812
T1208751,46778.631668503804
T1208752,41650.227866675166
T1208753,52083.558615669506
T1208754,35745.558986710836
T1208755,33456.38914088794
T1208756,44172.31570559397
T1208757,35358.090517179466
T1208758,37190.746279358864
T1208759,40953.02350691645
T1208760,28941.84930649804
T1208761,29247.218159071122
T1208762,44438.43573108337
T1208763,43363.94177038913
T1208764,52568.90401870372
T1208765,34191.27921460303
T1208766,44166.553719008654
T1208767,32546.087781628205
T1208768,35413.41503019946
T1208769,73185.33295875811
T1208770,61328.85064667076
T1208771,34174.67435191086
T1208772,41066.09905489978
T1208773,28336.116132309675
T1208774,22390.224726919067
T1208775,31065.311219895782
T1208776,47292.07217311602
T1208777,27021.412631743537
T1208778,54962.96179612391
T1208779,35467.208649700144
T1208780,32313.40577600274
T1208781,35954.138007227426
T1208782,32862.64089387202
T1208783,28835.95460105061
T1208784,43399.39070192478
T1208785,35658.36411646447
T1208786,28922.74657708723
T1208787,23604.066281816442
T1208788,36457.07753104118
T1208789,57921.25274236192
T1208790,38332.875691361056
T1208791,37258.60026221255
T1208792,32934.74059224948
T1208793,31255.50383319474
T1208794,34768.27612702812
T1208795,57078.58842498761
T1208796,31186.308253692536
T1208797,29147.686116644967
T1208798,30264.75890729465
T1208799,45193.729910697555
T1208800,34470.947597580256
T1208801,34028.59546428086
T1208802,54498.131891019766
T1208803,45572.267195587
T1208804,27255.571290862707
T1208805,46080.34357149483
T1208806,35632.3500634217
T1208807,56289.79237179938
T1208808,55970.22415556634
T1208809,44368.318451769854
T1208810,39544.27658144932
T1208811,39434.34585553421
T1208812,34558.119177596185
T1208813,56456.69643994267
T1208814,35913.471780123014
T1208815,36507.24448947473
T1208816,74822.2813445254
T1208817,23679.04687038071
T1208818,55568.71145204423
T1208819,28944.802511165824
T1208820,32643.849322664693
T1208821,46593.01793275911
T1208822,54131.22956329097
T1208823,34558.119177596185
T1208824,47586.9689748182
T1208825,33021.38203970815
T1208826,42874.750013061246
T1208827,34983.564531726835
T1208828,40014.176812465856
T1208829,35837.57059662878
T1208830,40181.471049934786
T1208831,39038.64529317727
T1208832,33808.726726050154
T1208833,67280.79813444235
T1208834,52712.12355880801
T1208835,55403.230850304906
T1208836,34894.841516601075
T1208837,58473.76829016026
T1208838,55204.10557889202
T1208839,36023.60660946413
T1208840,35186.66157060244
T1208841,23024.24297569038
T1208842,35928.106304122906
T1208843,38643.59934345186
T1208844,26528.17872290132
T1208845,32889.22172869789
T1208846,23625.594459537402
T1208847,53998.05077359908
T1208848,35950.550837031325
T1208849,35592.00576093309
T1208850,41496.29362670089
T1208851,28993.451941318508
T1208852,55089.431286538675
T1208853,36680.082269041835
T1208854,32224.407680683173
T1208855,54365.82700623211
T1208856,46849.114457982454
T1208857,65154.21278462144
T1208858,22548.386710861065
T1208859,45342.358502490635
T1208860,67444.54491011208
T1208861,57177.88517825721
T1208862,53713.97028875048
T1208863,56892.917359838306
T1208864,33162.41241170412
T1208865,36397.459534146925
T1208866,62612.04378249383
T1208867,45513.08981299801
T1208868,56478.742946420076
T1208869,38635.65709854939
T1208870,39012.845826710014
T1208871,31754.929714637827
T1208872,36819.534807749595
T1208873,47356.376641538795
T1208874,37605.058999128596
T1208875,54819.05206073306
T1208876,30623.949805297278
T1208877,23138.413863170274
T1208878,47438.834310987026
T1208879,39776.5253398539
T1208880,45141.471278845085
T1208881,66228.95641071443
T1208882,38431.97510054733
T1208883,35792.03455318586
T1208884,35108.65183354462
T1208885,37929.0382262913
T1208886,35950.550837031325
T1208887,47788.91336209486
T1208888,29141.74623186756
T1208889,47982.1722487839
T1208890,34236.237807531084
T1208891,35704.90232795056
T1208892,58660.55698199775
T1208893,55470.45211454717
T1208894,42956.85865334212
T1208895,44487.285119597225
T1208896,56935.68446044502
T1208897,43680.51747271527
T1208898,66578.44936274139
T1208899,45253.33809628299
T1208900,45747.232733551675
T1208901,66054.33972384155
T1208902,34978.89669911399
T1208903,22727.63598771428
T1208904,29308.15689121316
T1208905,36740.761951418484
T1208906,56318.855113603764
T1208907,41838.46677821256
T1208908,43330.402563982476
T1208909,54435.3510565476
T1208910,35595.54281935635
T1208911,29849.442450638122
T1208912,35891.03958215648
T1208913,42557.627761725846
T1208914,41888.69151730095
T1208915,47697.11732884255
T1208916,54724.283203744984
T1208917,45460.556595935734
T1208918,54057.010850645915
T1208919,30956.706015461637
T1208920,46939.57632918416
T1208921,35704.90232795056
T1208922,57262.991617663116
T1208923,53937.4354886658
T1208924,34894.841516601075
T1208925,53937.4354886658
T1208926,68178.91540840537
T1208927,35592.00576093309
T1208928,46953.583368358166
T1208929,65514.06652396039
T1208930,60879.741368848576
T1208931,36373.47514553645
T1208932,36240.881326094765
T1208933,29098.869329076064
T1208934,45800.14154503047
T1208935,37443.78076810345
T1208936,33916.85936022771
T1208937,56935.68446044502
T1208938,30479.47211526535
T1208939,46808.50732265446
T1208940,36739.71423469341
T1208941,27869.816785954616
T1208942,45662.408960708846
T1208943,57921.25274236192
T1208944,66611.51713289357
T1208945,35346.85964383895
T1208946,44157.3803144213
T1208947,65442.52867636988
T1208948,72801.23702294196
T1208949,28030.67838498602
T1208950,36641.53822060313
T1208951,31693.282374917748
T1208952,31197.73678282918
T1208953,34894.841516601075
T1208954,56039.06658453732
T1208955,37929.0382262913
T1208956,32136.406614668653
T1208957,38788.18966500421
T1208958,36271.13894909392
T1208959,45702.18962314097
T1208960,32703.706431189796
T1208961,35583.53640438592
T1208962,27738.73232957986
T1208963,44635.009071530236
T1208964,36544.78544006282
T1208965,47025.54268094241
T1208966,67956.46694451293
T1208967,31754.929714637827
T1208968,32029.689087824427
T1208969,36478.48882344285
T1208970,45026.19372109
T1208971,38982.67444355499
T1208972,28477.80589290536
T1208973,31016.79771298092
T1208974,38819.981494928295
T1208975,23179.92877025807
T1208976,36680.082269041835
T1208977,35583.53640438592
T1208978,47688.00261300068
T1208979,34899.503371444
T1208980,23726.83146139807
T1208981,34800.1189216191
T1208982,55849.88314225047
T1208983,29379.415751326596
T1208984,43001.506524331315
T1208985,31421.520212436837
T1208986,66523.48788726391
T1208987,37162.387662048626
T1208988,36293.69735431647
T1208989,35380.14313763322
T1208990,47189.424152238265
T1208991,27318.068092309848
T1208992,48127.17406356932
T1208993,43502.979237231746
T1208994,34589.955969530136
T1208995,46939.57632918416
T1208996,47438.834310987026
T1208997,55440.93985935639
T1208998,64259.37142739376
T1208999,22264.327039244046
T1209000,36619.65854942377
T1209001,48039.370627939075
T1209002,33261.21632824333
T1209003,37073.570557252155
T1209004,36409.28804676131
T1209005,37418.56925148775
T1209006,47498.84125210476
T1209007,54864.09125525375
T1209008,45478.06975677086
T1209009,35592.00576093309
T1209010,27379.494787192507
T1209011,54435.3510565476
T1209012,38819.981494928295
T1209013,35900.61895571978
T1209014,35592.00576093309
T1209015,67956.46694451293
T1209016,43542.56558817176
T1209017,28580.53760952384
T1209018,39059.04780369739
T1209019,36271.13894909392
T1209020,64348.84391988235
T1209021,37323.40831262336
T1209022,32075.669575145195
T1209023,40062.18602974235
T1209024,40890.374830596666
T1209025,35083.9759701089
T1209026,63724.00183231812
T1209027,31895.1125830725
T1209028,32408.130120750364
T1209029,29867.23715163654
T1209030,31648.545382360553
T1209031,32341.589109843208
T1209032,31293.935274438816
T1209033,34700.73047659461
T1209034,36339.7861490022
T1209035,45248.82780698323
T1209036,44618.84974580639
T1209037,36127.83924969655
T1209038,32106.466886245085
T1209039,57089.196021156975
T1209040,27588.397195961228
T1209041,46933.67641763417
T1209042,32703.706431189796
T1209043,66228.95641071443
T1209044,30947.060346765342
T1209045,29220.673920160538
T1209046,31684.77621344862
T1209047,37162.5981743009
T1209048,68091.05016254303
T1209049,37571.28936819803
T1209050,36544.78544006282
T1209051,28725.498582120275
T1209052,66081.57254322866
T1209053,27360.777149572757
T1209054,45572.267195587
T1209055,31142.538380374477
T1209056,28566.51172942131
T1209057,54991.39216395509
T1209058,30749.47970384983
T1209059,27143.21652661169
T1209060,35837.57059662878
T1209061,32493.145087586032
T1209062,40330.04260430934
T1209063,54647.544661986096
T1209064,46953.583368358166
T1209065,32547.148095524226
T1209066,31634.6403590041
T1209067,62177.438703935935
T1209068,29551.131976940807
T1209069,31237.82473398089
T1209070,36774.09953937015
T1209071,35723.9128343358
T1209072,30940.951690688566
T1209073,56209.18280090238
T1209074,42862.959784908504
T1209075,32136.406614668653
T1209076,45782.171467611275
T1209077,56476.0554973903
T1209078,56646.754771017775
T1209079,35595.54281935635
T1209080,36373.47514553645
T1209081,43502.979237231746
T1209082,45253.33809628299
T1209083,68520.55721169016
T1209084,32361.81062465189
T1209085,38635.65709854939
T1209086,29063.515353345865
T1209087,40320.86559733475
T1209088,42422.400231220294
T1209089,66294.82861831361
T1209090,30963.7880460289
T1209091,44334.22694292936
T1209092,27541.73897727427
T1209093,28644.283856250433
T1209094,35047.94434026269
T1209095,53475.52227649103
T1209096,27289.835060440437
T1209097,46911.83016211221
T1209098,48270.09908830308
T1209099,36655.36135955792
T1209100,23014.93919927125
T1209101,22882.0656702363
T1209102,45355.010997127196
T1209103,29081.554867994626
T1209104,35704.90232795056
T1209105,46908.76034161095
T1209106,31684.77621344862
T1209107,44664.28828428237
T1209108,28895.50606491996
T1209109,35905.77968845042
T1209110,53295.32757528647
T1209111,53958.09060641307
T1209112,34756.45711668017
T1209113,43348.770773806915
T1209114,54925.25887597423
T1209115,54286.85056239064
T1209116,67006.97697584819
T1209117,31788.214394259605
T1209118,27289.835060440437
T1209119,35212.501830990055
T1209120,45233.768480874925
T1209121,44343.26002630474
T1209122,45572.267195587
T1209123,53239.65795772316
T1209124,33393.10346374278
T1209125,36739.71423469341
T1209126,36819.534807749595
T1209127,23591.906822684356
T1209128,57994.153314480754
T1209129,32687.84712296675
T1209130,53314.692789986795
T1209131,36194.49266343766
T1209132,36023.60660946413
T1209133,29889.80119614754
T1209134,63724.00183231812
T1209135,31550.309167452033
T1209136,53713.97028875048
T1209137,23667.324096556717
T1209138,53148.04798654692
T1209139,44039.18965794922
T1209140,28993.451941318508
T1209141,35440.22002183773
T1209142,42635.04434807419
T1209143,53692.68165411597
T1209144,32156.581941663164
T1209145,36033.93964124624
T1209146,31671.224588840167
T1209147,32212.700351107313
T1209148,33293.20180958835
T1209149,55072.132646102786
T1209150,45494.007418649606
T1209151,32584.495368050833
T1209152,67985.75633272475
T1209153,53791.353118851155
T1209154,36982.297505630835
T1209155,28027.639671673325
T1209156,31083.978672152218
T1209157,44242.95463887333
T1209158,66498.64333834765
T1209159,57098.49568626241
T1209160,23352.420993057065
T1209161,47252.6625547164
T1209162,53584.236870929344
T1209163,38871.13524463804
T1209164,39175.31723343191
T1209165,66107.39163939799
T1209166,57901.794489113745
T1209167,45732.20156117886
T1209168,53809.85459329285
T1209169,35826.317701431115
T1209170,36725.484880021715
T1209171,31667.83358300405
T1209172,44492.62878937082
T1209173,23009.86190053978
T1209174,27768.581223536825
T1209175,53808.37127426198
T1209176,32906.267113911046
T1209177,37062.39822619287
T1209178,47567.20103405179
T1209179,45848.10131784043
T1209180,34835.12835415066
T1209181,36443.74299714642
T1209182,35073.48753887124
T1209183,31667.83358300405
T1209184,39330.69566819301
T1209185,32017.813110965057
T1209186,37474.36401653352
T1209187,30556.32942255835
T1209188,33362.67039269205
T1209189,57794.53359849031
T1209190,27329.31969491787
T1209191,32270.585361211924
T1209192,27539.150146879645
T1209193,37915.33249304773
T1209194,56431.082786403145
T1209195,31101.48338137778
T1209196,39083.71042112687
T1209197,35526.81844156651
T1209198,34880.98183820448
T1209199,45683.43560036182
T1209200,23145.792906546325
T1209201,27329.31969491787
T1209202,31635.002014560705
T1209203,39259.28890567989
T1209204,32432.712343998694
T1209205,44831.909174690605
T1209206,30888.69679639803
T1209207,56411.579572711176
T1209208,36649.425390184835
T1209209,47387.51073633011
T1209210,74156.61329508277
T1209211,23251.094138310524
T1209212,35227.006931728414
T1209213,38732.24245394381
T1209214,23888.60108638382
T1209215,36497.795711673614
T1209216,35809.32655614675
T1209217,35065.84655582948
T1209218,35951.541730504985
T1209219,36982.297505630835
T1209220,47576.9037261517
T1209221,32551.32373897165
T1209222,53457.18154622188
T1209223,36124.08830305515
T1209224,34961.01581633398
T1209225,47545.83710027881
T1209226,31475.15868813347
T1209227,47392.916547773806
T1209228,36355.23277932447
T1209229,35275.52466391308
T1209230,47738.10268837387
T1209231,36208.71533145318
T1209232,35831.51663263108
T1209233,46395.8399140281
T1209234,45054.03164914164
T1209235,36083.217529103305
T1209236,29202.61894225716
T1209237,47573.24805819813
T1209238,55803.872216698604
T1209239,35831.51663263108
T1209240,29110.856242850605
T1209241,54467.028258143284
T1209242,36312.458066060586
T1209243,36669.58562176066
T1209244,56856.474326831536
T1209245,31671.224588840167
T1209246,22390.599115022564
T1209247,44853.6908702359
T1209248,46301.607101118556
T1209249,46901.206304735206
T1209250,39376.99315277393
T1209251,47555.92167413714
T1209252,35577.33840629793
T1209253,37594.99534955349
T1209254,37316.36962095114
T1209255,29043.9165794599
T1209256,23135.270316211056
T1209257,36454.93171220373
T1209258,66173.19943179026
T1209259,39915.70970816343
T1209260,35449.245699435814
T1209261,45039.006892107835
T1209262,28972.4044743783
T1209263,23810.14867876642
T1209264,45188.44180973275
T1209265,66259.4399922969
T1209266,63869.25059199411
T1209267,56325.71444740475
T1209268,39156.71885700999
T1209269,54482.910330737985
T1209270,22418.33565127633
T1209271,32728.359245355092
T1209272,36861.13732266404
T1209273,38227.2099752753
T1209274,56625.4809136978
T1209275,38227.2099752753
T1209276,32293.79654176373
T1209277,36558.939002003295
T1209278,27767.557857205768
T1209279,35073.48753887124
T1209280,31322.19957845499
T1209281,64382.330882446644
T1209282,32142.72115013552
T1209283,30721.15297100133
T1209284,62517.87451370971
T1209285,31742.584924664567
T1209286,36822.49202774006
T1209287,31162.617283829437
T1209288,28732.387959437146
T1209289,28264.052509656332
T1209290,45475.46996409123
T1209291,36075.88901221423
T1209292,65319.48368221304
T1209293,22673.7157066852
T1209294,32890.35555419788
T1209295,62517.87451370971
T1209296,54706.7961725511
T1209297,46854.941339741614
T1209298,66107.39163939799
T1209299,35831.51663263108
T1209300,27419.048441893498
T1209301,48229.8445239063
T1209302,43923.31706413328
T1209303,45310.03098178976
T1209304,39259.28890567989
T1209305,56720.336454876386
T1209306,55010.87793399692
T1209307,45598.84155325892
T1209308,34342.90752269528
T1209309,30898.41944609324
T1209310,37635.06167583477
T1209311,58441.15161218527
T1209312,36443.74299714642
T1209313,36582.24156102374
T1209314,31686.85527547973
T1209315,33361.974933166384
T1209316,35925.75679497681
T1209317,37218.598997860565
T1209318,58627.88484118991
T1209319,36800.55486147027
T1209320,48242.62745085362
T1209321,45309.7141639442
T1209322,32813.314576606674
T1209323,32358.78181957794
T1209324,67765.91739346777
T1209325,28868.705913095175
T1209326,56763.89038729988
T1209327,56314.709504657505
T1209328,66091.47913348177
T1209329,35875.30841738216
T1209330,43689.04556099619
T1209331,44476.49694233375
T1209332,56256.684622438544
T1209333,39834.19946984487
T1209334,38632.731142644836
T1209335,54572.83060263453
T1209336,39709.52562000609
T1209337,37665.43431070998
T1209338,34835.12835415066
T1209339,31286.812104557954
T1209340,34650.91330508756
T1209341,64490.39095200627
T1209342,29159.69434142115
T1209343,66804.98768510857
T1209344,36075.78559030797
T1209345,36086.913995603696
T1209346,55697.92118763728
T1209347,49260.610416801625
T1209348,36546.33812597599
T1209349,47289.60573032234
T1209350,36725.484880021715
T1209351,27305.436827505495
T1209352,33068.75361878613
T1209353,54103.68882296476
T1209354,45053.02109262901
T1209355,47289.60573032234
T1209356,35831.51663263108
T1209357,39315.47087928768
T1209358,36022.17013224031
T1209359,34516.84502244195
T1209360,37047.762554286484
T1209361,36861.13732266404
T1209362,29171.91930396952
T1209363,31599.493169987978
T1209364,61066.01648487459
T1209365,28972.4044743783
T1209366,39377.09770817195
T1209367,23735.597063719346
T1209368,65390.94987248043
T1209369,40066.27265520902
T1209370,55288.76034503489
T1209371,35223.54719773209
T1209372,35607.83501167641
T1209373,36414.294260506176
T1209374,45630.79771748616
T1209375,29005.4558615277
T1209376,35370.8248231992
T1209377,35954.001678785586
T1209378,36311.05175728105
T1209379,36124.08830305515
T1209380,45563.97742394765
T1209381,47437.30963050175
T1209382,45268.858465657926
T1209383,66520.02520266103
T1209384,37295.085329045985
T1209385,29404.190629520734
T1209386,55022.59141142406
T1209387,66314.28518200856
T1209388,36687.845147930144
T1209389,47251.18602561327
T1209390,35157.77152810354
T1209391,45031.468333618315
T1209392,46430.92396765974
T1209393,35265.283685520975
T1209394,29868.498324708624
T1209395,45389.38589142167
T1209396,35150.12076978946
T1209397,22866.969686879558
T1209398,45268.858465657926
T1209399,56029.02444880488
T1209400,33092.392749379804
T1209401,63986.94685489673
T1209402,54043.01038715282
T1209403,32735.42488318568
T1209404,68011.52869564216
T1209405,46942.25941326515
T1209406,54572.83060263453
T1209407,55392.598872198534
T1209408,27143.622512974383
T1209409,34650.91330508756
T1209410,45309.7141639442
T1209411,42165.69721673451
T1209412,53960.242327717
T1209413,29179.67339905215
T1209414,54482.910330737985
T1209415,54760.87863823462
T1209416,33125.547512844445
T1209417,36983.348901385194
T1209418,36022.17013224031
T1209419,29637.74745085735
T1209420,48150.32629756593
T1209421,32600.793615829105
T1209422,56606.263483917726
T1209423,32270.585361211924
T1209424,23768.501388291912
T1209425,35826.317701431115
T1209426,45744.48328544708
T1209427,44288.743074074584
T1209428,37295.085329045985
T1209429,36506.638255965416
T1209430,36075.78559030797
T1209431,32906.267113911046
T1209432,54692.93222346157
T1209433,57011.92492058986
T1209434,37062.39822619287
T1209435,39496.749191496936
T1209436,37409.41642587483
T1209437,34948.714061591585
T1209438,36546.33812597599
T1209439,23747.795908546734
T1209440,28855.15266962394
T1209441,35925.75679497681
T1209442,67078.36929350455
T1209443,47273.332578158006
T1209444,28939.23944396733
T1209445,36208.71533145318
T1209446,23135.270316211056
T1209447,44288.28121928167
T1209448,35849.69113152392
T1209449,23144.599967928447
T1209450,45326.60894505257
T1209451,31111.166929465715
T1209452,30236.486184299305
T1209453,29012.780454839674
T1209454,23830.389840719046
T1209455,47950.51341262189
T1209456,34494.19606213415
T1209457,38821.50408391517
T1209458,27581.4172598896
T1209459,31180.273702113933
T1209460,36649.0033589375
T1209461,54162.710294664736
T1209462,33038.76050764222
T1209463,37227.5351930667
T1209464,35910.58272252875
T1209465,29135.636888105655
T1209466,31080.656180432336
T1209467,38871.13524463804
T1209468,44684.10053046932
T1209469,31816.97338610352
T1209470,57196.21345264614
T1209471,30921.23907861428
T1209472,30723.510928256914
T1209473,45159.97124543881
T1209474,29210.04569573383
T1209475,40233.6827573489
T1209476,32358.78181957794
T1209477,45874.744923461636
T1209478,68987.65507190494
T1209479,28985.494799281227
T1209480,39027.08491970051
T1209481,23220.933509465835
T1209482,35392.01121075852
T1209483,39294.06263344843
T1209484,65145.12470280431
T1209485,36364.12289278408
T1209486,36204.371747295925
T1209487,26538.808031302877
T1209488,33517.886092453475
T1209489,35831.51663263108
T1209490,26444.719420200985
T1209491,48378.70260776394
T1209492,35849.69113152392
T1209493,23359.010415567747
T1209494,67765.91739346777
T1209495,35073.48753887124
T1209496,30310.322818169298
T1209497,30136.617771523564
T1209498,56856.474326831536
T1209499,35925.75679497681
T1209500,58441.15161218527
T1209501,36964.70963837666
T1209502,36208.71533145318
T1209503,35577.33840629793
T1209504,23854.425791859667
T1209505,54043.01038715282
T1209506,36112.95379272307
T1209507,40399.07929963444
T1209508,36751.407193132116
T1209509,36845.64379135806
T1209510,36136.88134867695
T1209511,66290.04707811364
T1209512,35492.51448732459
T1209513,47034.06099019062
T1209514,53457.18154622188
T1209515,36038.57213817464
T1209516,28966.478909720532
T1209517,29313.701341000156
T1209518,35990.330383949
T1209519,44862.6414849639
T1209520,29171.430734918617
T1209521,30043.9297103536
T1209522,45090.52051308615
T1209523,35764.52176716992
T1209524,45039.006892107835
T1209525,38758.9594475265
T1209526,31737.052059612408
T1209527,36378.22735717679
T1209528,34803.8487705741
T1209529,36465.72941669773
T1209530,63845.492717271314
T1209531,32125.913095478136
T1209532,37562.41904833843
T1209533,47392.916547773806
T1209534,35977.21946477765
T1209535,23111.513859820927
T1209536,56856.474326831536
T1209537,47521.97581509859
T1209538,36895.70455158265
T1209539,46240.879980103484
T1209540,49260.610416801625
T1209541,37577.99255110805
T1209542,42151.40713772197
T1209543,36225.300000849675
T1209544,45570.54096158838
T1209545,23227.274392548985
T1209546,29160.325750375327
T1209547,57196.21345264614
T1209548,45623.14181895324
T1209549,30885.20934847798
T1209550,36172.44305303865
T1209551,56441.83164799076
T1209552,35840.49117012272
T1209553,66091.47913348177
T1209554,30720.033426821465
T1209555,54043.01038715282
T1209556,37941.74789954762
T1209557,55072.132646102786
T1209558,31617.674720027517
T1209559,68987.65507190494
T1209560,33280.70274228366
T1209561,32503.552261416622
T1209562,35307.42306312359
T1209563,35799.76354232653
T1209564,47916.417791625114
T1209565,74156.61329508277
T1209566,39523.74574439216
T1209567,39357.63171634088
T1209568,47533.25088604009
T1209569,45841.44374096497
T1209570,36123.09245814085
T1209571,22986.1741379935
T1209572,36975.70536904213
T1209573,56856.474326831536
T1209574,34989.30596578471
T1209575,53791.353118851155
T1209576,26444.255736711013
T1209577,35840.49117012272
T1209578,31588.112133484818
T1209579,54162.710294664736
T1209580,45671.87349555785
T1209581,35764.52176716992
T1209582,31080.150836574005
T1209583,56411.579572711176
T1209584,32824.89899172979
T1209585,38897.903217940075
T1209586,23806.255739008386
T1209587,57098.49568626241
T1209588,30647.6133398405
T1209589,67985.75633272475
T1209590,58627.88484118991
T1209591,31607.108308675906
T1209592,54482.910330737985
T1209593,43213.63739157138
T1209594,36896.754635362224
T1209595,64035.20050956065
T1209596,34259.66505625879
T1209597,45170.84434224518
T1209598,46821.26296780338
T1209599,35868.70033450484
T1209600,30845.56985093509
T1209601,48195.643234465126
T1209602,45563.97742394765
T1209603,56720.336454876386
T1209604,36123.09245814085
T1209605,35073.48220474956
T1209606,35244.03502369544
T1209607,45040.43782596627
T1209608,56720.336454876386
T1209609,22843.36040871873
T1209610,67986.96208763614
T1209611,38253.740875800286
T1209612,47255.761276331854
T1209613,22650.212939918114
T1209614,45744.48328544708
T1209615,61066.01648487459
T1209616,36639.21291116443
T1209617,32809.0084031971
T1209618,36328.41265171982
T1209619,45415.32258231485
T1209620,54043.01038715282
T1209621,36460.290690634465
T1209622,32519.828934461228
T1209623,39404.05067578142
T1209624,47255.761276331854
T1209625,36472.87575656639
T1209626,27776.539143829206
T1209627,56625.4809136978
T1209628,29117.43428429346
T1209629,62517.87451370971
T1209630,65366.89213235297
T1209631,36420.64064800819
T1209632,27328.84781339855
T1209633,66780.65420525182
T1209634,56043.38098492661
T1209635,56741.57917839415
T1209636,23830.278724597607
T1209637,45159.97124543881
T1209638,36038.57213817464
T1209639,27569.67272098519
T1209640,23723.70640657224
T1209641,31058.123745620847
T1209642,45266.56654779165
T1209643,34505.36537148757
T1209644,30143.6345292448
T1209645,44693.03310432613
T1209646,36562.827185413036
T1209647,36460.290690634465
T1209648,37195.128912353684
T1209649,35825.33629273401
T1209650,38897.903217940075
T1209651,23120.83840808106
T1209652,37376.92589281108
T1209653,37262.647734859864
T1209654,54692.93222346157
T1209655,55022.59141142406
T1209656,67053.98281950639
T1209657,47217.3562226875
T1209658,28836.182381323808
T1209659,28900.74135618148
T1209660,44228.9756332233
T1209661,29167.746773234066
T1209662,36759.22150804634
T1209663,28849.73087860381
T1209664,36357.82438101433
T1209665,23122.030694213223
T1209666,54572.83060263453
T1209667,45170.84434224518
T1209668,35741.17793513481
T1209669,23744.400698806625
T1209670,31588.112133484818
T1209671,36563.248687797764
T1209672,32351.970402150695
T1209673,53625.86913238157
T1209674,31937.623309798677
T1209675,39202.19655829341
T1209676,37441.84344437416
T1209677,66083.19384741718
T1209678,57901.794489113745
T1209679,54572.83060263453
T1209680,35741.17793513481
T1209681,44492.62878937082
T1209682,53809.85459329285
T1209683,35286.26366537494
T1209684,53808.37127426198
T1209685,27734.204094732224
T1209686,36639.21291116443
T1209687,34803.8487705741
T1209688,32824.89899172979
T1209689,45309.7141639442
T1209690,33010.77966757542
T1209691,45787.69183903601
T1209692,67741.3980848653
T1209693,31581.48478907102
T1209694,34989.30596578471
T1209695,29796.0536058992
T1209696,39861.318614006814
T1209697,34567.273792780135
T1209698,35990.330383949
T1209699,35790.1066239045
T1209700,44476.49694233375
T1209701,56234.479833855214
T1209702,39736.59952853339
T1209703,64466.51027667165
T1209704,36001.44474170286
T1209705,63986.94685489673
T1209706,27143.152341998124
T1209707,28963.315054106206
T1209708,55380.96092424182
T1209709,29137.39791667231
T1209710,32654.282176683722
T1209711,46908.54762013303
T1209712,34567.273792780135
T1209713,66520.02520266103
T1209714,33043.89086373404
T1209715,31233.60955885046
T1209716,38659.41155867941
T1209717,48160.20397007881
T1209718,35936.78263382257
T1209719,32190.058779986553
T1209720,29546.875758532005
T1209721,56039.732452260905
T1209722,37262.647734859864
T1209723,56314.709504657505
T1209724,30868.368689067014
T1209725,36601.620312271545
T1209726,40074.70103894445
T1209727,36878.13863377637
T1209728,36123.09245814085
T1209729,35936.78263382257
T1209730,36027.45167632967
T1209731,58441.15161218527
T1209732,23335.131833791198
T1209733,35118.69081828068
T1209734,39053.91003199529
T1209735,39320.98531759244
T1209736,23197.13023009996
T1209737,45389.38589142167
T1209738,26538.34346981815
T1209739,45053.02109262901
T1209740,32278.13802045166
T1209741,44288.743074074584
T1209742,53960.242327717
T1209743,54103.68882296476
T1209744,35248.94670404165
T1209745,35799.76354232653
T1209746,34433.37813210552
T1209747,36774.69567418758
T1209748,36961.08794347782
T1209749,35180.85709159962
T1209750,28953.393160240186
T1209751,46440.612177609815
T1209752,23711.51415511502
T1209753,35576.18767890544
T1209754,27304.96516567734
T1209755,39286.1988987212
T1209756,44831.909174690605
T1209757,39110.55625423904
T1209758,40407.54489958736
T1209759,47539.2956110031
T1209760,47599.11334075127
T1209761,47515.29107715366
T1209762,32470.424558717037
T1209763,34986.31432905199
T1209764,31424.79698842936
T1209765,58441.15161218527
T1209766,36323.23327419119
T1209767,47738.10268837387
T1209768,35799.76354232653
T1209769,46395.8399140281
T1209770,39403.94608227011
T1209771,35997.75294107934
T1209772,39183.59138520794
T1209773,32278.13802045166
T1209774,54482.910330737985
T1209775,45054.03164914164
T1209776,47239.49432913206
T1209777,30260.962965553506
T1209778,27407.340783387583
T1209779,43908.71271292171
T1209780,57011.92492058986
T1209781,45310.03098178976
T1209782,39286.1988987212
T1209783,47353.628972132254
T1209784,45598.84155325892
T1209785,35034.45677238829
T1209786,35799.76354232653
T1209787,34864.692223708626
T1209788,29116.568588712176
T1209789,36226.70453969847
T1209790,36583.383659172665
T1209791,31617.674720027517
T1209792,22367.253156213388
T1209793,35724.208311607916
T1209794,54467.028258143284
T1209795,28993.75503130747
T1209796,35492.51448732459
T1209797,28977.13395548022
T1209798,46901.206304735206
T1209799,37229.36067121891
T1209800,48344.445123463614
T1209801,36665.10277697954
T1209802,40242.129879759654
T1209803,36368.999039211856
T1209804,35474.731749170394
T1209805,23111.513859820927
T1209806,28953.393160240186
T1209807,23786.0255003504
T1209808,35799.76354232653
T1209809,29043.99163580576
T1209810,31127.167768048028
T1209811,36051.3490452219
T1209812,38848.25385020394
T1209813,66235.21256891238
T1209814,23864.435594679144
T1209815,32957.21794496019
T1209816,55803.872216698604
T1209817,66148.98881118621
T1209818,33280.00819338305
T1209819,55010.87793399692
T1209820,47437.30963050175
T1209821,31569.796650409764
T1209822,62517.87451370971
T1209823,36736.09868861146
T1209824,37547.657501003334
T1209825,32062.364773585752
T1209826,31662.763238639403
T1209827,28273.118971225034
T1209828,36044.02073374656
T1209829,31030.96019359657
T1209830,65295.43995172246
T1209831,27328.84781339855
T1209832,34989.30596578471
T1209833,28036.6656639669
T1209834,46706.07769975003
T1209835,35142.62918677888
T1209836,32190.058779986553
T1209837,47262.44171462074
T1209838,31051.44115381767
T1209839,45494.007418649606
T1209840,33211.32516423504
T1209841,30506.75650725957
T1209842,55288.76034503489
T1209843,36895.70455158265
T1209844,32132.250783598574
T1209845,66498.64333834765
T1209846,32987.17161264457
T1209847,28713.460709486757
T1209848,38253.740875800286
T1209849,36357.82438101433
T1209850,36496.14908498711
T1209851,36714.18895589069
T1209852,67741.3980848653
T1209853,37131.71161399193
T1209854,31109.527375929767
T1209855,54924.60628576583
T1209856,44183.68140005188
T1209857,48208.421332599064
T1209858,54706.7961725511
T1209859,34797.04682282077
T1209860,64382.330882446644
T1209861,27548.092010664215
T1209862,23328.546000191345
T1209863,36975.70536904213
T1209864,36774.69567418758
T1209865,22394.974289427013
T1209866,33435.71542616646
T1209867,32698.102169703543
T1209868,36278.30436507841
T1209869,55723.10547697438
T1209870,32732.069031494808
T1209871,39342.4013740259
T1209872,32213.239097114747
T1209873,57794.53359849031
T1209874,31321.692146547568
T1209875,35495.209490293084
T1209876,62592.56489781042
T1209877,32463.450555302075
T1209878,44763.20956283256
T1209879,26993.74941169618
T1209880,29570.491277075595
T1209881,29528.958908275643
T1209882,32469.181256342006
T1209883,37129.331361932345
T1209884,37938.84662741944
T1209885,22676.753910953063
T1209886,34614.641918784415
T1209887,56051.05033971956
T1209888,30713.0706924957
T1209889,35170.14427923162
T1209890,64741.77662357855
T1209891,38669.486616354356
T1209892,30265.701739219672
T1209893,30630.868233116693
T1209894,60906.632042296005
T1209895,60906.632042296005
T1209896,31819.288378045025
T1209897,21881.916452058216
T1209898,45800.51983256162
T1209899,30749.35766793654
T1209900,32722.154921073474
T1209901,38590.157339942314
T1209902,56023.29863962259
T1209903,34638.40731840495
T1209904,44304.21777553595
T1209905,38683.188337449144
T1209906,35255.79859373911
T1209907,55661.51730512382
T1209908,22676.753910953063
T1209909,46871.60966410973
T1209910,56023.29863962259
T1209911,35876.0216281693
T1209912,55917.61217588134
T1209913,57398.18000082374
T1209914,35627.622859679046
T1209915,36616.01619974299
T1209916,35382.69372417655
T1209917,30540.095013908853
T1209918,38079.55777777293
T1209919,43479.87902101593
T1209920,32111.64303051326
T1209921,62002.361389956255
T1209922,55317.739716771204
T1209923,44917.24763776512
T1209924,23203.205320445864
T1209925,57398.18000082374
T1209926,34022.4701013873
T1209927,43381.01957771497
T1209928,44303.216212340565
T1209929,34560.9726733566
T1209930,30446.637670431548
T1209931,35268.60973112393
T1209932,36167.58219217817
T1209933,35605.97595991452
T1209934,36790.484603523175
T1209935,28420.09068491512
T1209936,44409.215098139895
T1209937,35803.515029024195
T1209938,56894.30972250376
T1209939,35465.42070522333
T1209940,36025.84027652822
T1209941,56023.29863962259
T1209942,34474.04599587707
T1209943,31162.22230730103
T1209944,72381.06090648676
T1209945,35243.33206315103
T1209946,47611.384098981776
T1209947,28354.053212628824
T1209948,35296.32713263942
T1209949,28544.478436691727
T1209950,38083.52496361753
T1209951,28402.551061678667
T1209952,35987.07575888685
T1209953,36225.98823319155
T1209954,35435.80027025929
T1209955,32400.003795050423
T1209956,34272.630380925766
T1209957,29917.919864466854
T1209958,32092.496341013215
T1209959,66809.75704171057
T1209960,35678.76655880173
T1209961,38631.119397171475
T1209962,54597.137938947264
T1209963,54238.08348373728
T1209964,32136.265836283663
T1209965,46247.287328117665
T1209966,32852.900256661924
T1209967,31098.247838969433
T1209968,36211.52944332567
T1209969,35296.32713263942
T1209970,35081.06057397526
T1209971,43544.455634620994
T1209972,63029.376254664916
T1209973,26801.667762394547
T1209974,45800.85958817039
T1209975,23286.27614357726
T1209976,30751.14552836122
T1209977,44409.54788648718
T1209978,64707.95370823803
T1209979,28944.552983017216
T1209980,34598.16619217695
T1209981,46323.28354381606
T1209982,44660.27665999283
T1209983,53249.08755699899
T1209984,31763.354237306685
T1209985,53354.56526761429
T1209986,34752.1387100421
T1209987,35445.567385859584
T1209988,26939.130566051197
T1209989,39542.114397235215
T1209990,28336.142689235614
T1209991,36160.11123414945
T1209992,22859.465939795213
T1209993,34944.34556655809
T1209994,31866.262118883325
T1209995,39179.36857901132
T1209996,52952.22644418717
T1209997,38154.098170257195
T1209998,38387.633782110606
T1209999,35465.42070522333
T1210000,35370.7119574762
T1210001,34474.04599587707
T1210002,43125.425009892475
T1210003,28226.686382804746
T1210004,26196.44105632445
T1210005,52635.381685642235
T1210006,34135.692394233716
T1210007,46189.548322431605
T1210008,54246.43708354029
T1210009,35243.33206315103
T1210010,35988.58428980761
T1210011,44696.94718750079
T1210012,45566.4604059295
T1210013,36677.16569607581
T1210014,45841.83579868967
T1210015,35218.65515306443
T1210016,46733.23134010636
T1210017,34135.692394233716
T1210018,32485.89355578084
T1210019,46009.13875875288
T1210020,28572.606335270993
T1210021,28400.331540110823
T1210022,35371.09871200525
T1210023,39025.760949210206
T1210024,38590.157339942314
T1210025,22710.507790455616
T1210026,36160.20523911891
T1210027,36281.96798834248
T1210028,31304.231484522632
T1210029,31950.523609462613
T1210030,32269.18259595994
T1210031,28865.39928536457
T1210032,55688.60427399304
T1210033,27120.622044257052
T1210034,31175.173785166884
T1210035,46575.609945558164
T1210036,30424.005302460006
T1210037,36169.960524223716
T1210038,53139.381503680204
T1210039,44289.326739102566
T1210040,45557.68919388184
T1210041,56016.67433335412
T1210042,31304.231484522632
T1210043,28379.67656779243
T1210044,52216.39691700998
T1210045,35066.04423894834
T1210046,53909.85647276778
T1210047,22571.944220230052
T1210048,31313.371272116172
T1210049,35645.9669059668
T1210050,48724.39798323306
T1210051,36645.2549379414
T1210052,35311.81424618371
T1210053,57935.22923998097
T1210054,46414.44559081024
T1210055,44878.08754421768
T1210056,36025.84027652822
T1210057,26096.192993963694
T1210058,34801.93892378998
T1210059,30298.061991501658
T1210060,32284.933397874054
T1210061,23296.86066254922
T1210062,35129.68787868386
T1210063,35268.60973112393
T1210064,32000.15847890416
T1210065,53523.64215151235
T1210066,53327.388416678215
T1210067,28336.142689235614
T1210068,34205.59957031213
T1210069,31268.23314510359
T1210070,31800.32248268902
T1210071,44124.08628362902
T1210072,36819.79745161302
T1210073,52420.51277985611
T1210074,52776.428541110974
T1210075,26860.178516153737
T1210076,34460.79352371541
T1210077,46610.519462576776
T1210078,27233.000180515257
T1210079,35784.292488261155
T1210080,38125.03022951828
T1210081,29610.64875350603
T1210082,28295.427060608377
T1210083,36677.16569607581
T1210084,36610.214272191
T1210085,56023.29863962259
T1210086,31738.829442396644
T1210087,26993.74941169618
T1210088,35232.02585659954
T1210089,31933.655224886363
T1210090,47074.70082388252
T1210091,35751.07316247223
T1210092,31866.262118883325
T1210093,43181.355520715915
T1210094,44940.89241283821
T1210095,32603.001779400234
T1210096,35677.141536907104
T1210097,53684.67808227773
T1210098,32173.24224499512
T1210099,32222.36909991225
T1210100,28105.354602638814
T1210101,31636.079422492185
T1210102,30631.2351555998
T1210103,35440.92209182942
T1210104,53328.690017389046
T1210105,56157.4986701564
T1210106,35255.79859373911
T1210107,30142.486256117492
T1210108,44267.87592378741
T1210109,53675.64363434682
T1210110,31699.176514496492
T1210111,46897.24721959163
T1210112,36252.39035628278
T1210113,28240.08160522716
T1210114,21878.04709006011
T1210115,35906.16549335976
T1210116,35255.79859373911
T1210117,34944.34556655809
T1210118,22685.984625457862
T1210119,46311.43679028356
T1210120,46414.44559081024
T1210121,59666.123845877475
T1210122,35791.947301089225
T1210123,35752.34151693931
T1210124,46897.24721959163
T1210125,44678.8762347515
T1210126,38811.27604576965
T1210127,45740.211687713934
T1210128,35255.79859373911
T1210129,30848.234763872217
T1210130,34351.24154380726
T1210131,37018.47923763545
T1210132,46887.45266211706
T1210133,35784.292488261155
T1210134,28454.54105773799
T1210135,54850.8770689225
T1210136,23386.73685500112
T1210137,23309.16735090279
T1210138,34831.92226167085
T1210139,34531.0543675154
T1210140,53675.64363434682
T1210141,52892.23950090474
T1210142,38041.38258664296
T1210143,30620.30341050087
T1210144,52776.428541110974
T1210145,46764.22043658984
T1210146,36225.98823319155
T1210147,31162.22230730103
T1210148,55446.98598888562
T1210149,38125.03022951828
T1210150,38638.237187606144
T1210151,44815.3121198942
T1210152,37170.962655228795
T1210153,53038.78380902499
T1210154,38683.188337449144
T1210155,32702.88700319216
T1210156,22244.083278042053
T1210157,66356.1863067179
T1210158,44595.527578314264
T1210159,43396.79799191379
T1210160,35353.688472950875
T1210161,35445.567385859584
T1210162,28595.29641127502
T1210163,34751.290360630264
T1210164,35465.42070522333
T1210165,47172.02084298435
T1210166,67037.00292908103
T1210167,33817.37537691566
T1210168,46999.80332145873
T1210169,42700.36675584834
T1210170,37531.373431548935
T1210171,56271.1220443864
T1210172,22813.829756323023
T1210173,56157.4986701564
T1210174,57621.05077643037
T1210175,54608.8253331253
T1210176,38251.98812538438
T1210177,52892.23950090474
T1210178,31704.649350353553
T1210179,27071.728607472443
T1210180,55789.783059368936
T1210181,38312.850606590386
T1210182,46360.13947433782
T1210183,22669.130250652724
T1210184,28704.252400841182
T1210185,35965.94207730277
T1210186,43997.17348301587
T1210187,34485.79652556697
T1210188,38270.356388672946
T1210189,31486.041384449738
T1210190,35146.40232773138
T1210191,56951.59824186127
T1210192,43619.8182133274
T1210193,35697.34018300942
T1210194,27438.58955182594
T1210195,35268.810221561565
T1210196,46471.69554517728
T1210197,35885.81261948014
T1210198,44384.2218124975
T1210199,30698.27200949642
T1210200,23215.25767045123
T1210201,34988.205657922466
T1210202,23370.77512854361
T1210203,28601.176710513293
T1210204,35677.141536907104
T1210205,45002.863634943606
T1210206,34460.79352371541
T1210207,35105.9604800945
T1210208,32284.933397874054
T1210209,55318.19366887941
T1210210,36169.960524223716
T1210211,56894.30972250376
T1210212,44847.18495228471
T1210213,38590.157339942314
T1210214,53849.2939549999
T1210215,44664.6077556979
T1210216,36100.14545105488
T1210217,28552.849793503254
T1210218,36860.430167838735
T1210219,36170.99955512816
T1210220,35819.79529496545
T1210221,36534.74268067083
T1210222,47283.61529387962
T1210223,44409.54788648718
T1210224,52952.22644418717
T1210225,36160.11123414945
T1210226,30811.58617598749
T1210227,22847.817994542587
T1210228,55917.61217588134
T1210229,37531.373431548935
T1210230,34474.04599587707
T1210231,46189.548322431605
T1210232,36121.859260848105
T1210233,65221.15906896414
T1210234,34557.56005727897
T1210235,27411.861522842522
T1210236,31213.113019006963
T1210237,22422.77997971315
T1210238,44906.2971923142
T1210239,27604.89909058912
T1210240,54356.91329856889
T1210241,34410.79105731363
T1210242,53661.28118866915
T1210243,52435.94321965229
T1210244,26438.575585601953
T1210245,31521.831206822837
T1210246,45876.539633491775
T1210247,46418.45285520733
T1210248,54706.2467025511
T1210249,52940.351365574024
T1210250,53103.719187024326
T1210251,56386.82063651781
T1210252,55122.58191595191
T1210253,52007.169297599336
T1210254,35460.48689526893
T1210255,31641.992669655458
T1210256,35337.99750100751
T1210257,30052.651219815685
T1210258,34091.623690229826
T1210259,37365.19914524741
T1210260,35324.15764360814
T1210261,29140.77377283802
T1210262,27746.527258763257
T1210263,45678.91346285698
T1210264,34494.63686804644
T1210265,38702.945313903474
T1210266,22718.22546602028
T1210267,31388.68054111342
T1210268,42779.926590078336
T1210269,32956.07131403684
T1210270,34229.98554293386
T1210271,35409.40532713805
T1210272,27528.085499548743
T1210273,31681.878577403462
T1210274,38208.16998403346
T1210275,64043.41962319878
T1210276,35142.75143077625
T1210277,38057.50205012659
T1210278,30172.251075026004
T1210279,31775.021993652623
T1210280,44830.020170073
T1210281,34750.14987579591
T1210282,36088.022739887245
T1210283,36326.22036671301
T1210284,35012.949389944726
T1210285,55030.07152546489
T1210286,41645.88135041479
T1210287,53650.17155873022
T1210288,34518.14332089024
T1210289,34614.8982811288
T1210290,27569.313494490227
T1210291,28100.195065462794
T1210292,38006.68817498798
T1210293,35471.858129867
T1210294,41032.26225068693
T1210295,38092.3034494487
T1210296,23218.424977149843
T1210297,60896.71013699191
T1210298,53356.55964552356
T1210299,34803.112219899645
T1210300,34562.4508417485
T1210301,44086.52452120951
T1210302,36967.75831862162
T1210303,35964.67954268172
T1210304,44987.279426967296
T1210305,46229.37572343342
T1210306,38006.68817498798
T1210307,33336.90924285657
T1210308,32047.432323274756
T1210309,45284.95019857099
T1210310,32524.86181126963
T1210311,53673.92091880853
T1210312,53349.34084689528
T1210313,38051.120047480916
T1210314,65532.59752063793
T1210315,33872.48390146966
T1210316,53403.92833819124
T1210317,44050.12165395981
T1210318,52505.141363934665
T1210319,30538.944181345858
T1210320,32464.857577927974
T1210321,45503.48106140587
T1210322,34756.48407484982
T1210323,34823.56284334166
T1210324,37559.914930444764
T1210325,27596.307794885808
T1210326,35232.921849189464
T1210327,32009.408312188432
T1210328,33449.761745940385
T1210329,28912.91291794347
T1210330,35000.84707428864
T1210331,27720.277199620323
T1210332,64069.828914618134
T1210333,34566.17324151842
T1210334,45592.561542833784
T1210335,36891.74563746743
T1210336,23151.172852844225
T1210337,54286.15278553365
T1210338,23310.321292602293
T1210339,34907.0357973849
T1210340,44474.46946565545
T1210341,31970.044658421746
T1210342,26766.42271423113
T1210343,43116.19555546106
T1210344,56008.9849828062
T1210345,30902.2656052776
T1210346,37588.670645602004
T1210347,51897.92046652489
T1210348,35305.95212566235
T1210349,22579.628289326756
T1210350,43509.75161155256
T1210351,35164.67166085384
T1210352,34618.800277041024
T1210353,22560.477677027953
T1210354,33336.90924285657
T1210355,26415.110624664543
T1210356,38667.376054879474
T1210357,27466.610889127907
T1210358,35455.106439820585
T1210359,34622.40808344224
T1210360,52165.92706544131
T1210361,38331.6274281294
T1210362,25639.453578406596
T1210363,37704.83148092921
T1210364,34750.14987579591
T1210365,34661.42518787408
T1210366,33705.1035009349
T1210367,42536.28962746071
T1210368,52765.45805021873
T1210369,27407.654988688377
T1210370,37527.8065647313
T1210371,45618.55060187669
T1210372,43664.56094668545
T1210373,30347.64728529744
T1210374,64576.098114491375
T1210375,26748.110873214344
T1210376,30645.610995571926
T1210377,29974.045410469196
T1210378,51542.76636156102
T1210379,35419.686203697354
T1210380,43758.72722252101
T1210381,44893.76812488628
T1210382,54954.998912591866
T1210383,37470.26923661493
T1210384,34347.84478051722
T1210385,52549.713012695785
T1210386,55030.07152546489
T1210387,27466.610889127907
T1210388,34598.863832059855
T1210389,39204.97172451042
T1210390,31456.240671651467
T1210391,30819.411837227482
T1210392,45907.065179873694
T1210393,30805.0789042537
T1210394,35022.00580129003
T1210395,48377.23339388731
T1210396,34694.99959555118
T1210397,35910.57287434578
T1210398,57014.583215061706
T1210399,45707.78330113451
T1210400,31433.8915851319
T1210401,35339.4395865807
T1210402,34143.86478553923
T1210403,31970.044658421746
T1210404,29849.098640931763
T1210405,34649.22840418188
T1210406,23279.111095865534
T1210407,22499.143274476195
T1210408,44099.16141442978
T1210409,25623.118543899713
T1210410,38668.869823316
T1210411,46647.50008432653
T1210412,42318.32516105727
T1210413,46117.19843288075
T1210414,26672.498638621917
T1210415,37551.05650944045
T1210416,35387.17608652847
T1210417,27968.821839983466
T1210418,35964.67954268172
T1210419,35578.70537961303
T1210420,51861.95528311039
T1210421,22625.441265246893
T1210422,35446.19167215265
T1210423,34511.70412430798
T1210424,43041.29788443362
T1210425,53221.014964315415
T1210426,26286.747102645506
T1210427,44983.57613357495
T1210428,35904.029197943244
T1210429,33721.56775962823
T1210430,52007.169297599336
T1210431,51625.0420645555
T1210432,44292.75947524016
T1210433,34907.0357973849
T1210434,52471.5568394934
T1210435,52799.587001921886
T1210436,31727.10634823689
T1210437,32438.83348092714
T1210438,31108.82677476309
T1210439,31388.68054111342
T1210440,34845.18491853822
T1210441,32189.763096475268
T1210442,31272.243150480077
T1210443,32955.96437026719
T1210444,33383.593415824354
T1210445,30783.711617483837
T1210446,43338.860886961
T1210447,31254.32345356173
T1210448,26438.575585601953
T1210449,36426.458182154434
T1210450,37722.24343165172
T1210451,31169.75322180657
T1210452,34649.22840418188
T1210453,35099.89138745402
T1210454,33705.1035009349
T1210455,71953.4364398017
T1210456,29251.085043803523
T1210457,44874.20737858882
T1210458,55030.07152546489
T1210459,46376.81501409224
T1210460,54830.878786376175
T1210461,35881.64790272716
T1210462,54617.53804779489
T1210463,38010.11903519478
T1210464,34770.947179826566
T1210465,38006.68817498798
T1210466,32308.110108112614
T1210467,44296.680473396904
T1210468,61175.412010431195
T1210469,44081.73169001728
T1210470,22531.448192143715
T1210471,35012.949389944726
T1210472,52165.92706544131
T1210473,41175.462520996334
T1210474,27727.077090373135
T1210475,35397.56332906754
T1210476,43664.56094668545
T1210477,52872.98978660551
T1210478,60393.11920745105
T1210479,22334.458776614323
T1210480,33744.839712838664
T1210481,34927.00106076596
T1210482,34387.323578094125
T1210483,33721.56775962823
T1210484,34614.8982811288
T1210485,34366.04455856259
T1210486,29071.813147674045
T1210487,27851.799697252263
T1210488,42201.42417748447
T1210489,21799.179184444354
T1210490,37545.17492903843
T1210491,42909.479053887386
T1210492,43944.34798228922
T1210493,35471.064934329595
T1210494,55030.07152546489
T1210495,41217.38283569821
T1210496,31317.002894714413
T1210497,30303.52397856727
T1210498,43825.92395203393
T1210499,22531.448192143715
T1210500,35000.84707428864
T1210501,35191.26496950954
T1210502,60393.11920745105
T1210503,30039.690150947976
T1210504,34750.14987579591
T1210505,34976.54837729174
T1210506,23139.138237185292
T1210507,34562.4508417485
T1210508,28593.30682615862
T1210509,55125.574175004476
T1210510,37572.88124101753
T1210511,35339.4395865807
T1210512,55855.62846491549
T1210513,27567.84930096775
T1210514,36059.02171062891
T1210515,43772.52782056441
T1210516,33175.6756167046
T1210517,29660.98168311583
T1210518,66150.58053258936
T1210519,60863.44841599699
T1210520,31648.712456096404
T1210521,33919.35148120263
T1210522,32053.726335702097
T1210523,39224.07625321169
T1210524,47002.50121786829
T1210525,30309.839451994147
T1210526,63911.3489918741
T1210527,55855.62846491549
T1210528,59035.184755984046
T1210529,34622.40808344224
T1210530,26513.006070977946
T1210531,52940.351365574024
T1210532,37588.670645602004
T1210533,45146.17074133398
T1210534,34622.40808344224
T1210535,30019.016069924015
T1210536,27568.63597779503
T1210537,33768.53798530446
T1210538,46298.044920025
T1210539,53826.2213905933
T1210540,23378.46638929
T1210541,23282.41604521281
T1210542,34500.9895770486
T1210543,35049.25620632326
T1210544,54109.333425954195
T1210545,53103.719187024326
T1210546,44044.29549404458
T1210547,36095.93816771935
T1210548,35090.24634937547
T1210549,34288.004733730275
T1210550,35419.686203697354
T1210551,44273.51154014689
T1210552,54002.933053404755
T1210553,27077.302452713233
T1210554,53500.73560848962
T1210555,27269.896803520056
T1210556,34366.04455856259
T1210557,30652.705290533428
T1210558,33705.1035009349
T1210559,36967.75831862162
T1210560,35455.106439820585
T1210561,52165.92706544131
T1210562,22762.477670564513
T1210563,46732.72241923486
T1210564,35822.002397899516
T1210565,35409.40532713805
T1210566,45707.78330113451
T1210567,35174.46502947196
T1210568,27450.348052968548
T1210569,44321.68503620571
T1210570,44133.41034743702
T1210571,37551.05650944045
T1210572,54392.45471420267
T1210573,30548.784861083856
T1210574,42993.24561678644
T1210575,46196.767779865346
T1210576,43904.812773064376
T1210577,54830.878786376175
T1210578,29632.994821740627
T1210579,52251.79768363274
T1210580,55343.70466447614
T1210581,38010.11903519478
T1210582,66376.4336187628
T1210583,52112.352112949324
T1210584,32311.956260712876
T1210585,22181.787380206057
T1210586,65718.1122451224
T1210587,43794.88494268999
T1210588,35565.49281411633
T1210589,46131.6756659709
T1210590,31136.402270932467
T1210591,43554.804761467174
T1210592,37475.04504364389
T1210593,35087.8120907288
T1210594,34803.112219899645
T1210595,21795.317622272454
T1210596,32819.1178093798
T1210597,46533.666288820736
T1210598,33071.6024476496
T1210599,56607.59292144029
T1210600,41862.50499772027
T1210601,22688.10223253275
T1210602,55122.58191595191
T1210603,42515.49361537483
T1210604,34100.87267263736
T1210605,27962.63997817627
